0.000000 -0.000000
0.100000 0.000000
0.200000 0.000001
0.300000 0.000002
0.400000 0.000002
0.500000 0.000003
0.600000 0.000004
0.700000 0.000004
0.800000 0.000005
0.900000 0.000006
1.000000 0.000006
1.100000 0.000007
1.200000 0.000007
1.300000 0.000008
1.400000 0.000009
1.500000 0.000009
1.600000 0.000010
1.700000 0.000010
1.800000 0.000011
1.900000 0.000011
2.000000 0.000012
2.100000 0.000013
2.200000 0.000014
2.300000 0.000014
2.400000 0.000015
2.500000 0.000015
2.600000 0.000016
2.700000 0.000016
2.799999 0.000017
2.899999 0.000017
2.999999 0.000018
3.099999 0.000019
3.199999 0.000019
3.299999 0.000020
3.399999 0.000020
3.499999 0.000021
3.599999 0.000022
3.699999 0.000022
3.799999 0.000023
3.899998 0.000023
3.999998 0.000024
4.099998 0.000025
4.199998 0.000025
4.299998 0.000026
4.399998 0.000026
4.499998 0.000027
4.599998 0.000027
4.699998 0.000028
4.799998 0.000029
4.899998 0.000030
4.999998 0.000030
5.099998 0.000031
5.199997 0.000031
5.299997 0.000032
5.399997 0.000032
5.499997 0.000033
5.599997 0.000034
5.699997 0.000034
5.799997 0.000035
5.899997 0.000035
5.999997 0.000036
6.099997 0.000037
6.199996 0.000037
6.299996 0.000038
6.399996 0.000039
6.499996 0.000039
6.599996 0.000040
6.699996 0.000040
6.799996 0.000041
6.899996 0.000041
6.999996 0.000042
7.099996 0.000043
7.199996 0.000043
7.299995 0.000044
7.399995 0.000045
7.499995 0.000045
7.599995 0.000046
7.699995 0.000046
7.799995 0.000047
7.899995 0.000047
7.999995 0.000048
8.099995 0.000049
8.199995 0.000049
8.299995 0.000050
8.399996 0.000050
8.499996 0.000051
8.599997 0.000052
8.699997 0.000052
8.799997 0.000053
8.899998 0.000054
8.999998 0.000054
9.099998 0.000055
9.199999 0.000056
9.299999 0.000057
9.400000 0.000057
9.500000 0.000058
9.600000 0.000059
9.700001 0.000059
9.800001 0.000060
9.900002 0.000061
10.000002 0.000062
10.100002 0.000062
10.200003 0.000063
10.300003 0.000064
10.400003 0.000065
10.500004 0.000066
10.600004 0.000066
10.700005 0.000067
10.800005 0.000068
10.900005 0.000069
11.000006 0.000069
11.100006 0.000070
11.200006 0.000071
11.300007 0.000072
11.400007 0.000072
11.500008 0.000073
11.600008 0.000074
11.700008 0.000075
11.800009 0.000076
11.900009 0.000076
12.000010 0.000077
12.100010 0.000078
12.200010 0.000079
12.300011 0.000079
12.400011 0.000080
12.500011 0.000081
12.600012 0.000082
12.700012 0.000082
12.800013 0.000083
12.900013 0.000084
13.000013 0.000085
13.100014 0.000085
13.200014 0.000086
13.300014 0.000087
13.400015 0.000088
13.500015 0.000088
13.600016 0.000089
13.700016 0.000090
13.800016 0.000091
13.900017 0.000092
14.000017 0.000093
14.100018 0.000093
14.200018 0.000094
14.300018 0.000095
14.400019 0.000095
14.500019 0.000096
14.600019 0.000097
14.700020 0.000098
14.800020 0.000098
14.900021 0.000099
15.000021 0.000100
15.100021 0.000101
15.200022 0.000101
15.300022 0.000102
15.400023 0.000103
15.500023 0.000104
15.600023 0.000105
15.700024 0.000105
15.800024 0.000106
15.900024 0.000107
16.000025 0.000108
16.100025 0.000108
16.200026 0.000109
16.300026 0.000110
16.400026 0.000111
16.500027 0.000111
16.600027 0.000112
16.700027 0.000113
16.800028 0.000113
16.900028 0.000114
17.000029 0.000115
17.100029 0.000116
17.200029 0.000117
17.300030 0.000118
17.400030 0.000118
17.500031 0.000119
17.600031 0.000120
17.700031 0.000121
17.800032 0.000121
17.900032 0.000122
18.000032 0.000123
18.100033 0.000123
18.200033 0.000124
18.300034 0.000125
18.400034 0.000126
18.500034 0.000127
18.600035 0.000127
18.700035 0.000128
18.800035 0.000129
18.900036 0.000130
19.000036 0.000130
19.100037 0.000131
19.200037 0.000132
19.300037 0.000132
19.400038 0.000134
19.500038 0.000134
19.600039 0.000135
19.700039 0.000136
19.800039 0.000136
19.900040 0.000137
20.000040 0.000138
20.100040 0.000138
20.200041 0.000139
20.300041 0.000140
20.400042 0.000140
20.500042 0.000141
20.600042 0.000142
20.700043 0.000143
20.800043 0.000144
20.900043 0.000144
21.000044 0.000145
21.100044 0.000146
21.200045 0.000146
21.300045 0.000148
21.400045 0.000148
21.500046 0.000149
21.600046 0.000150
21.700047 0.000150
21.800047 0.000151
21.900047 0.000152
22.000048 0.000153
22.100048 0.000153
22.200048 0.000154
22.300049 0.000154
22.400049 0.000155
22.500050 0.000156
22.600050 0.000157
22.700050 0.000158
22.800051 0.000159
22.900051 0.000160
23.000051 0.000160
23.100052 0.000161
23.200052 0.000162
23.300053 0.000163
23.400053 0.000163
23.500053 0.000164
23.600054 0.000165
23.700054 0.000165
23.800055 0.000166
23.900055 0.000167
24.000055 0.000168
24.100056 0.000169
24.200056 0.000169
24.300056 0.000170
24.400057 0.000171
24.500057 0.000171
24.600058 0.000172
24.700058 0.000173
24.800058 0.000174
24.900059 0.000175
25.000059 0.000175
25.100060 0.000176
25.200060 0.000177
25.300060 0.000177
25.400061 0.000178
25.500061 0.000179
25.600061 0.000180
25.700062 0.000180
25.800062 0.000181
25.900063 0.000182
26.000063 0.000183
26.100063 0.000183
26.200064 0.000184
26.300064 0.000185
26.400064 0.000186
26.500065 0.000186
26.600065 0.000187
26.700066 0.000188
26.800066 0.000189
26.900066 0.000189
27.000067 0.000190
27.100067 0.000191
27.200068 0.000191
27.300068 0.000193
27.400068 0.000193
27.500069 0.000194
27.600069 0.000195
27.700069 0.000196
27.800070 0.000196
27.900070 0.000197
28.000071 0.000198
28.100071 0.000199
28.200071 0.000199
28.300072 0.000200
28.400072 0.000201
28.500072 0.000201
28.600073 0.000202
28.700073 0.000203
28.800074 0.000203
28.900074 0.000204
29.000074 0.000205
29.100075 0.000206
29.200075 0.000206
29.300076 0.000208
29.400076 0.000208
29.500076 0.000209
29.600077 0.000209
29.700077 0.000211
29.800077 0.000211
29.900078 0.000212
30.000078 0.000212
30.100079 0.000213
30.200079 0.000214
30.300079 0.000215
30.400080 0.000216
30.500080 0.000216
30.600080 0.000217
30.700081 0.000218
30.800081 0.000218
30.900082 0.000219
31.000082 0.000220
31.100082 0.000221
31.200083 0.000221
31.300083 0.000222
31.400084 0.000223
31.500084 0.000223
31.600084 0.000224
31.700085 0.000225
31.800085 0.000226
31.900085 0.000227
32.000084 0.000227
32.100082 0.000228
32.200081 0.000229
32.300079 0.000229
32.400078 0.000230
32.500076 0.000231
32.600075 0.000232
32.700073 0.000232
32.800072 0.000233
32.900070 0.000233
33.000069 0.000235
33.100067 0.000235
33.200066 0.000236
33.300064 0.000237
33.400063 0.000237
33.500061 0.000238
33.600060 0.000239
33.700058 0.000240
33.800056 0.000240
33.900055 0.000241
34.000053 0.000242
34.100052 0.000242
34.200050 0.000243
34.300049 0.000244
34.400047 0.000245
34.500046 0.000245
34.600044 0.000246
34.700043 0.000247
34.800041 0.000247
34.900040 0.000248
35.000038 0.000249
35.100037 0.000250
35.200035 0.000251
35.300034 0.000252
35.400032 0.000252
35.500031 0.000253
35.600029 0.000253
35.700027 0.000254
35.800026 0.000255
35.900024 0.000256
36.000023 0.000256
36.100021 0.000257
36.200020 0.000258
36.300018 0.000259
36.400017 0.000259
36.500015 0.000260
36.600014 0.000261
36.700012 0.000261
36.800011 0.000262
36.900009 0.000263
37.000008 0.000264
37.100006 0.000264
37.200005 0.000265
37.300003 0.000266
37.400002 0.000267
37.500000 0.000267
37.599998 0.000268
37.699997 0.000269
37.799995 0.000269
37.899994 0.000270
37.999992 0.000271
38.099991 0.000272
38.199989 0.000272
38.299988 0.000273
38.399986 0.000274
38.499985 0.000275
38.599983 0.000276
38.699982 0.000276
38.799980 0.000277
38.899979 0.000278
38.999977 0.000278
39.099976 0.000279
39.199974 0.000280
39.299973 0.000281
39.399971 0.000281
39.499969 0.000282
39.599968 0.000283
39.699966 0.000284
39.799965 0.000284
39.899963 0.000285
39.999962 0.000286
40.099960 0.000286
40.199959 0.000287
40.299957 0.000288
40.399956 0.000289
40.499954 0.000289
40.599953 0.000290
40.699951 0.000291
40.799950 0.000291
40.899948 0.000292
40.999947 0.000293
41.099945 0.000293
41.199944 0.000294
41.299942 0.000295
41.399940 0.000296
41.499939 0.000296
41.599937 0.000297
41.699936 0.000298
41.799934 0.000299
41.899933 0.000299
41.999931 0.000300
42.099930 0.000301
42.199928 0.000302
42.299927 0.000302
42.399925 0.000303
42.499924 0.000304
42.599922 0.000304
42.699921 0.000305
42.799919 0.000306
42.899918 0.000307
42.999916 0.000307
43.099915 0.000308
43.199913 0.000309
43.299911 0.000309
43.399910 0.000310
43.499908 0.000310
43.599907 0.000312
43.699905 0.000312
43.799904 0.000313
43.899902 0.000314
43.999901 0.000314
44.099899 0.000315
44.199898 0.000316
44.299896 0.000316
44.399895 0.000317
44.499893 0.000318
44.599892 0.000319
44.699890 0.000319
44.799889 0.000320
44.899887 0.000321
44.999886 0.000321
45.099884 0.000322
45.199883 0.000323
45.299881 0.000324
45.399879 0.000324
45.499878 0.000325
45.599876 0.000326
45.699875 0.000326
45.799873 0.000327
45.899872 0.000328
45.999870 0.000328
46.099869 0.000329
46.199867 0.000330
46.299866 0.000330
46.399864 0.000332
46.499863 0.000332
46.599861 0.000333
46.699860 0.000334
46.799858 0.000334
46.899857 0.000335
46.999855 0.000336
47.099854 0.000336
47.199852 0.000337
47.299850 0.000338
47.399849 0.000338
47.499847 0.000339
47.599846 0.000340
47.699844 0.000340
47.799843 0.000341
47.899841 0.000342
47.999840 0.000342
48.099838 0.000343
48.199837 0.000344
48.299835 0.000345
48.399834 0.000346
48.499832 0.000346
48.599831 0.000347
48.699829 0.000347
48.799828 0.000348
48.899826 0.000349
48.999825 0.000350
49.099823 0.000351
49.199821 0.000351
49.299820 0.000352
49.399818 0.000352
49.499817 0.000353
49.599815 0.000354
49.699814 0.000355
49.799812 0.000355
49.899811 0.000356
49.999809 0.000357
50.099808 0.000357
50.199806 0.000358
50.299805 0.000359
50.399803 0.000360
50.499802 0.000360
50.599800 0.000361
50.699799 0.000362
50.799797 0.000362
50.899796 0.000363
50.999794 0.000364
51.099792 0.000364
51.199791 0.000365
51.299789 0.000365
51.399788 0.000366
51.499786 0.000367
51.599785 0.000368
51.699783 0.000368
51.799782 0.000369
51.899780 0.000370
51.999779 0.000371
52.099777 0.000371
52.199776 0.000372
52.299774 0.000373
52.399773 0.000374
52.499771 0.000374
52.599770 0.000375
52.699768 0.000375
52.799767 0.000376
52.899765 0.000377
52.999763 0.000378
53.099762 0.000379
53.199760 0.000379
53.299759 0.000380
53.399757 0.000381
53.499756 0.000382
53.599754 0.000382
53.699753 0.000383
53.799751 0.000384
53.899750 0.000385
53.999748 0.000386
54.099747 0.000386
54.199745 0.000387
54.299744 0.000388
54.399742 0.000389
54.499741 0.000390
54.599739 0.000390
54.699738 0.000391
54.799736 0.000392
54.899734 0.000393
54.999733 0.000393
55.099731 0.000394
55.199730 0.000395
55.299728 0.000395
55.399727 0.000396
55.499725 0.000397
55.599724 0.000398
55.699722 0.000399
55.799721 0.000400
55.899719 0.000400
55.999718 0.000401
56.099716 0.000402
56.199715 0.000403
56.299713 0.000403
56.399712 0.000404
56.499710 0.000405
56.599709 0.000406
56.699707 0.000406
56.799706 0.000407
56.899704 0.000408
56.999702 0.000409
57.099701 0.000409
57.199699 0.000410
57.299698 0.000411
57.399696 0.000412
57.499695 0.000412
57.599693 0.000413
57.699692 0.000414
57.799690 0.000415
57.899689 0.000416
57.999687 0.000417
58.099686 0.000417
58.199684 0.000418
58.299683 0.000419
58.399681 0.000419
58.499680 0.000420
58.599678 0.000421
58.699677 0.000422
58.799675 0.000423
58.899673 0.000423
58.999672 0.000424
59.099670 0.000425
59.199669 0.000425
59.299667 0.000426
59.399666 0.000427
59.499664 0.000428
59.599663 0.000428
59.699661 0.000429
59.799660 0.000430
59.899658 0.000431
59.999657 0.000432
60.099655 0.000432
60.199654 0.000433
60.299652 0.000434
60.399651 0.000435
60.499649 0.000435
60.599648 0.000436
60.699646 0.000437
60.799644 0.000438
60.899643 0.000438
60.999641 0.000439
61.099640 0.000440
61.199638 0.000441
61.299637 0.000441
61.399635 0.000442
61.499634 0.000443
61.599632 0.000443
61.699631 0.000444
61.799629 0.000445
61.899628 0.000446
61.999626 0.000447
62.099625 0.000447
62.199623 0.000448
62.299622 0.000449
62.399620 0.000450
62.499619 0.000450
62.599617 0.000451
62.699615 0.000452
62.799614 0.000453
62.899612 0.000453
62.999611 0.000454
63.099609 0.000455
63.199608 0.000455
63.299606 0.000456
63.399605 0.000457
63.499603 0.000458
63.599602 0.000459
63.699600 0.000460
63.799599 0.000460
63.899597 0.000462
63.999596 0.000463
64.099594 0.000463
64.199593 0.000464
64.299591 0.000465
64.399590 0.000466
64.499588 0.000467
64.599586 0.000468
64.699585 0.000468
64.799583 0.000469
64.899582 0.000471
64.999580 0.000471
65.099579 0.000472
65.199577 0.000473
65.299576 0.000474
65.399574 0.000475
65.499573 0.000476
65.599571 0.000477
65.699570 0.000478
65.799568 0.000478
65.899567 0.000479
65.999565 0.000480
66.099564 0.000481
66.199562 0.000482
66.299561 0.000483
66.399559 0.000484
66.499557 0.000484
66.599556 0.000486
66.699554 0.000487
66.799553 0.000487
66.899551 0.000488
66.999550 0.000489
67.099548 0.000490
67.199547 0.000491
67.299545 0.000492
67.399544 0.000493
67.499542 0.000494
67.599541 0.000494
67.699539 0.000495
67.799538 0.000496
67.899536 0.000497
67.999535 0.000498
68.099533 0.000499
68.199532 0.000499
68.299530 0.000501
68.399529 0.000501
68.499527 0.000502
68.599525 0.000503
68.699524 0.000504
68.799522 0.000504
68.899521 0.000505
68.999519 0.000506
69.099518 0.000507
69.199516 0.000508
69.299515 0.000510
69.399513 0.000510
69.499512 0.000511
69.599510 0.000512
69.699509 0.000513
69.799507 0.000513
69.899506 0.000514
69.999504 0.000515
70.099503 0.000516
70.199501 0.000517
70.299500 0.000518
70.399498 0.000519
70.499496 0.000519
70.599495 0.000520
70.699493 0.000521
70.799492 0.000522
70.899490 0.000523
70.999489 0.000524
71.099487 0.000524
71.199486 0.000526
71.299484 0.000526
71.399483 0.000527
71.499481 0.000528
71.599480 0.000529
71.699478 0.000530
71.799477 0.000530
71.899475 0.000531
71.999474 0.000532
72.099472 0.000533
72.199471 0.000534
72.299469 0.000535
72.399467 0.000536
72.499466 0.000537
72.599464 0.000537
72.699463 0.000538
72.799461 0.000539
72.899460 0.000540
72.999458 0.000541
73.099457 0.000542
73.199455 0.000542
73.299454 0.000543
73.399452 0.000544
73.499451 0.000544
73.599449 0.000545
73.699448 0.000546
73.799446 0.000547
73.899445 0.000548
73.999443 0.000548
74.099442 0.000550
74.199440 0.000551
74.299438 0.000551
74.399437 0.000552
74.499435 0.000553
74.599434 0.000554
74.699432 0.000555
74.799431 0.000556
74.899429 0.000556
74.999428 0.000557
75.099426 0.000558
75.199425 0.000559
75.299423 0.000560
75.399422 0.000561
75.499420 0.000562
75.599419 0.000562
75.699417 0.000563
75.799416 0.000564
75.899414 0.000564
75.999413 0.000566
76.099411 0.000566
76.199409 0.000567
76.299408 0.000568
76.399406 0.000569
76.499405 0.000569
76.599403 0.000570
76.699402 0.000571
76.799400 0.000572
76.899399 0.000572
76.999397 0.000573
77.099396 0.000574
77.199394 0.000575
77.299393 0.000576
77.399391 0.000576
77.499390 0.000577
77.599388 0.000578
77.699387 0.000579
77.799385 0.000580
77.899384 0.000581
77.999382 0.000581
78.099380 0.000582
78.199379 0.000583
78.299377 0.000584
78.399376 0.000584
78.499374 0.000585
78.599373 0.000587
78.699371 0.000587
78.799370 0.000588
78.899368 0.000589
78.999367 0.000589
79.099365 0.000591
79.199364 0.000591
79.299362 0.000592
79.399361 0.000593
79.499359 0.000594
79.599358 0.000594
79.699356 0.000595
79.799355 0.000596
79.899353 0.000596
79.999352 0.000597
80.099350 0.000598
80.199348 0.000599
80.299347 0.000599
80.399345 0.000600
80.499344 0.000601
80.599342 0.000602
80.699341 0.000603
80.799339 0.000603
80.899338 0.000604
80.999336 0.000605
81.099335 0.000606
81.199333 0.000607
81.299332 0.000607
81.399330 0.000608
81.499329 0.000609
81.599327 0.000610
81.699326 0.000610
81.799324 0.000612
81.899323 0.000612
81.999321 0.000613
82.099319 0.000614
82.199318 0.000615
82.299316 0.000616
82.399315 0.000617
82.499313 0.000618
82.599312 0.000619
82.699310 0.000619
82.799309 0.000621
82.899307 0.000621
82.999306 0.000622
83.099304 0.000623
83.199303 0.000624
83.299301 0.000625
83.399300 0.000626
83.499298 0.000627
83.599297 0.000628
83.699295 0.000629
83.799294 0.000629
83.899292 0.000630
83.999290 0.000632
84.099289 0.000632
84.199287 0.000634
84.299286 0.000635
84.399284 0.000635
84.499283 0.000636
84.599281 0.000637
84.699280 0.000638
84.799278 0.000638
84.899277 0.000640
84.999275 0.000641
85.099274 0.000642
85.199272 0.000643
85.299271 0.000644
85.399269 0.000644
85.499268 0.000645
85.599266 0.000646
85.699265 0.000647
85.799263 0.000648
85.899261 0.000648
85.999260 0.000650
86.099258 0.000650
86.199257 0.000652
86.299255 0.000653
86.399254 0.000654
86.499252 0.000655
86.599251 0.000656
86.699249 0.000657
86.799248 0.000658
86.899246 0.000659
86.999245 0.000660
87.099243 0.000661
87.199242 0.000662
87.299240 0.000663
87.399239 0.000664
87.499237 0.000665
87.599236 0.000666
87.699234 0.000667
87.799232 0.000668
87.899231 0.000669
87.999229 0.000670
88.099228 0.000670
88.199226 0.000672
88.299225 0.000672
88.399223 0.000673
88.499222 0.000674
88.599220 0.000675
88.699219 0.000676
88.799217 0.000677
88.899216 0.000678
88.999214 0.000679
89.099213 0.000680
89.199211 0.000681
89.299210 0.000682
89.399208 0.000683
89.499207 0.000684
89.599205 0.000685
89.699203 0.000686
89.799202 0.000687
89.899200 0.000687
89.999199 0.000689
90.099197 0.000690
90.199196 0.000690
90.299194 0.000691
90.399193 0.000692
90.499191 0.000693
90.599190 0.000693
90.699188 0.000695
90.799187 0.000696
90.899185 0.000697
90.999184 0.000698
91.099182 0.000698
91.199181 0.000700
91.299179 0.000700
91.399178 0.000701
91.499176 0.000702
91.599174 0.000703
91.699173 0.000704
91.799171 0.000705
91.899170 0.000705
91.999168 0.000706
92.099167 0.000707
92.199165 0.000709
92.299164 0.000709
92.399162 0.000710
92.499161 0.000711
92.599159 0.000712
92.699158 0.000712
92.799156 0.000714
92.899155 0.000714
92.999153 0.000715
93.099152 0.000716
93.199150 0.000717
93.299149 0.000718
93.399147 0.000719
93.499146 0.000720
93.599144 0.000721
93.699142 0.000722
93.799141 0.000723
93.899139 0.000723
93.999138 0.000725
94.099136 0.000726
94.199135 0.000727
94.299133 0.000727
94.399132 0.000728
94.499130 0.000730
94.599129 0.000731
94.699127 0.000732
94.799126 0.000732
94.899124 0.000733
94.999123 0.000734
95.099121 0.000736
95.199120 0.000736
95.299118 0.000737
95.399117 0.000738
95.499115 0.000739
95.599113 0.000740
95.699112 0.000741
95.799110 0.000742
95.899109 0.000743
95.999107 0.000744
96.099106 0.000745
96.199104 0.000746
96.299103 0.000746
96.399101 0.000748
96.499100 0.000748
96.599098 0.000749
96.699097 0.000750
96.799095 0.000751
96.899094 0.000752
96.999092 0.000753
97.099091 0.000754
97.199089 0.000755
97.299088 0.000755
97.399086 0.000757
97.499084 0.000757
97.599083 0.000758
97.699081 0.000759
97.799080 0.000760
97.899078 0.000761
97.999077 0.000762
98.099075 0.000763
98.199074 0.000764
98.299072 0.000765
98.399071 0.000765
98.499069 0.000766
98.599068 0.000767
98.699066 0.000768
98.799065 0.000769
98.899063 0.000770
98.999062 0.000771
99.099060 0.000771
99.199059 0.000772
99.299057 0.000773
99.399055 0.000773
99.499054 0.000774
99.599052 0.000775
99.699051 0.000776
99.799049 0.000777
99.899048 0.000778
