30.000000 20.000000 29.000000 20.000000 28.000000 20.000000 27.000000 20.000000 26.000000 20.000000 25.000000 20.000000 24.000000 20.000000 23.000000 20.000000 22.000000 20.000000 21.000000 20.000000 20.000000 20.000000 19.000000 20.000000 18.000000 20.000000 17.000000 20.000000 16.000000 20.000000 15.000000 20.000000 14.000000 20.000000 13.000000 20.000000 12.000000 20.000000 11.000000 20.000000 10.000000 20.000000 9.000000 20.000000 8.000000 20.000000 7.000000 20.000000 6.000000 20.000000 5.000000 20.000000 4.000000 20.000000 3.000000 20.000000 2.000000 20.000000 1.000000 20.000000 
30.000000 20.000999 29.000000 19.801987 28.000000 19.604954 27.000000 19.409882 26.000000 19.216749 25.000000 19.025539 24.000000 18.836233 23.000000 18.648809 22.000000 18.463251 21.000000 18.279539 20.000000 18.097654 19.000000 17.917582 18.000000 17.739300 17.000000 17.562794 16.000000 17.388042 15.000000 17.215033 14.000000 17.043745 13.000000 16.874163 12.000000 16.706270 11.000000 16.540051 10.000000 16.375484 9.000000 16.212561 8.000000 16.051262 7.000000 15.891570 6.000000 15.733471 5.000000 15.576950 4.000000 15.421993 3.000000 15.268581 2.000000 15.116704 1.000000 14.966346 
29.999741 20.001999 29.049850 19.605934 28.096487 19.217710 27.139650 18.837175 26.179346 18.464172 25.215580 18.098558 24.248354 17.740183 23.277672 17.388905 22.303534 17.044582 21.325947 16.707077 20.344910 16.376255 19.360426 16.051987 18.372496 15.734138 17.381121 15.422585 16.386303 15.117201 15.388042 14.817867 14.386337 14.524462 13.381190 14.236869 12.372599 13.954973 11.360563 13.678663 10.345082 13.407825 9.326154 13.142357 8.303776 12.882150 7.277947 12.627100 6.248664 12.377106 5.215925 12.132069 4.179726 11.891893 3.140064 11.656479 2.096935 11.425737 1.050335 11.199575 
29.999222 20.002947 29.149206 19.421501 28.288124 18.856300 27.416069 18.306915 26.533136 17.772915 25.639425 17.253899 24.735020 16.749456 23.820005 16.259203 22.894466 15.782753 21.958485 15.319736 21.012136 14.869789 20.055494 14.432564 19.088629 14.007710 18.111609 13.594897 17.124500 13.193795 16.127365 12.804091 15.120260 12.425471 14.103246 12.057635 13.076373 11.700290 12.039694 11.353148 10.993256 11.015928 9.937103 10.688364 8.871279 10.370188 7.795824 10.061144 6.710774 9.760980 5.616165 9.469452 4.512027 9.186326 3.398390 8.911365 2.275280 8.644347 1.142721 8.385054 
29.998459 20.003792 29.295492 19.257927 28.569948 18.537178 27.822098 17.840828 27.052216 17.168169 26.260574 16.518524 25.447424 15.891208 24.613010 15.285568 23.757578 14.700954 22.881357 14.136736 21.984575 13.592294 21.067442 13.067027 20.130165 12.560342 19.172945 12.071663 18.195972 11.600428 17.199430 11.146091 16.183489 10.708115 15.148316 10.285977 14.094071 9.879171 13.020901 9.487203 11.928947 9.109586 10.818342 8.745855 9.689209 8.395553 8.541667 8.058235 7.375822 7.733469 6.191775 7.420835 4.989616 7.119927 3.769429 6.830345 2.531290 6.551707 1.275266 6.283638 
29.997477 20.004484 29.483953 19.123686 28.933510 18.274887 28.346550 17.457346 27.723488 16.670309 27.064737 15.913029 26.370695 15.184729 25.641752 14.484647 24.878305 13.812006 24.080734 13.166035 23.249414 12.545960 22.384703 11.951018 21.486954 11.380440 20.556511 10.833469 19.593704 10.309357 18.598852 9.807364 17.572254 9.326756 16.514204 8.866813 15.424982 8.426827 14.304846 8.006104 13.154047 7.603956 11.972813 7.219718 10.761360 6.852734 9.519892 6.502364 8.248588 6.167982 6.947617 5.848979 5.617125 5.544762 4.257245 5.254749 2.868089 4.978382 1.449752 4.715112 
29.996315 20.004980 29.707737 19.026205 29.366962 18.081926 28.974215 17.171928 28.529768 16.295910 28.033926 15.453501 27.487017 14.644241 26.889385 13.867622 26.241411 13.123064 25.543474 12.409940 24.795977 11.727575 23.999313 11.075257 23.153891 10.452233 22.260117 9.857726 21.318394 9.290934 20.329119 8.751037 19.292673 8.237196 18.209433 7.748567 17.079763 7.284296 15.904001 6.843529 14.682476 6.425409 13.415483 6.029088 12.103305 5.653720 10.746197 5.298471 9.344381 4.962514 7.898060 4.645039 6.407393 4.345252 4.872518 4.062369 3.293532 3.795633 1.670500 3.544298 
29.995024 20.005243 29.958033 18.971628 29.855106 17.968721 29.685658 16.997532 29.449242 16.058878 29.145529 15.153399 28.774300 14.281533 28.335417 13.443566 27.828856 12.639608 27.254656 11.869623 26.612934 11.133434 25.903851 10.430735 25.127628 9.761095 24.284531 9.123985 23.374849 8.518779 22.398899 7.944767 21.357006 7.401161 20.249508 6.887116 19.076750 6.401733 17.839050 5.944070 16.536730 5.513149 15.170073 5.107969 13.739346 4.727510 12.244784 4.370742 10.686571 4.036629 9.064857 3.724139 7.379729 3.432246 5.631226 3.159936 3.819319 2.906212 1.943918 2.670096 
29.993666 20.005249 30.224266 18.964617 30.379433 17.943602 30.456896 16.945032 30.454662 15.971474 30.370968 15.025220 30.204302 14.108258 29.953348 13.222301 29.617035 12.368760 29.194468 11.548771 28.684940 10.763190 28.087902 10.012609 27.402952 9.297363 26.629829 8.617560 25.768375 7.973085 24.818523 7.363626 23.780283 6.788683 22.653723 6.247601 21.438967 5.739582 20.136137 5.263703 18.745380 4.818938 17.266825 4.404177 15.700577 4.018237 14.046712 3.659888 12.305232 3.327856 10.476089 3.020850 8.559129 2.737563 6.554117 2.476690 4.460698 2.236935 2.278394 2.017021 
29.992306 20.004982 30.494354 19.008146 30.918217 18.012714 31.259054 17.023481 31.512386 16.045057 31.674068 15.081816 31.740343 14.137818 31.707783 13.216794 31.573366 12.322099 31.334408 11.456688 30.988575 10.623106 30.533855 9.823468 29.968546 9.059467 29.291239 8.332390 28.500769 7.643115 27.596201 6.992147 26.576790 6.379628 25.441959 5.805378 24.191269 5.268924 22.824350 4.769523 21.340919 4.306208 19.740698 3.877815 18.023411 3.483019 16.188749 3.120367 14.236309 2.788301 12.165600 2.485197 9.975969 2.209385 7.666608 1.959171 5.236492 1.732862 2.684364 1.528785 
29.991014 20.004442 30.755064 19.103302 31.446770 18.179781 32.058140 17.240034 32.581459 16.290379 33.009315 15.337188 33.334705 14.386738 33.551029 13.445119 33.652218 12.518129 33.632679 11.611172 33.487362 10.729180 33.211727 9.876545 32.801777 9.057071 32.254025 8.273955 31.565451 7.529758 30.733479 6.826416 29.755930 6.165244 28.630978 5.546984 27.357094 4.971834 25.932957 4.439492 24.357445 3.949215 22.629505 3.499881 20.748142 3.090039 18.712334 2.717978 16.520931 2.381776 14.172641 2.079359 11.665905 1.808553 8.998873 1.567125 6.169302 1.352831 3.174501 1.163442 
29.989864 20.003645 30.992483 19.249052 31.937927 18.445635 32.815151 17.599415 33.612988 16.717218 34.320255 15.806538 34.925964 14.875326 35.419361 13.931834 35.790176 12.984419 36.028629 12.041326 36.125595 11.110502 36.072624 10.199411 35.862030 9.314884 35.486916 8.462994 34.941147 7.648942 34.219349 6.877014 33.316860 6.150523 32.229668 5.471836 30.954348 4.842397 29.487919 4.262771 27.827805 3.732735 25.971642 3.251362 23.917225 2.817121 21.662342 2.427985 19.204630 2.081536 16.541468 1.775065 13.669798 1.505670 10.586020 1.270341 7.285811 1.066039 3.763989 0.889756 
29.988920 20.002617 31.192619 19.442019 32.362907 18.807524 33.486721 18.102810 34.550129 17.333120 35.538471 16.505211 36.436638 15.627209 37.229206 14.708419 37.900791 13.759120 38.436211 12.790220 38.820766 11.812954 39.040409 10.838518 39.081978 9.877741 38.933315 8.940774 38.583366 8.036783 38.022228 7.173746 37.241165 6.358266 36.232548 5.595490 34.989792 4.889076 33.507175 4.241210 31.779745 3.652710 29.803040 3.123145 27.572948 2.651002 25.085428 2.233870 22.336248 1.868624 19.320755 1.551624 16.033550 1.278883 12.468246 1.046236 8.617128 0.849476 4.470848 0.684474 
29.988243 20.001400 31.342146 19.676260 32.692616 19.258183 34.026604 18.746075 35.329208 18.140924 36.583717 17.446009 37.771858 16.666986 38.873962 15.811889 39.869370 14.891042 40.736732 13.916746 41.454487 12.902929 42.001213 11.864614 42.356129 10.817374 42.499420 9.776731 42.412594 8.757518 42.078690 7.773343 41.482487 6.836100 40.610512 5.955626 39.451050 5.139476 37.993950 4.392816 36.230469 3.718487 34.152874 3.117155 31.754179 2.587565 29.027647 2.126845 25.966343 1.730854 22.562654 1.394533 18.807716 1.112237 14.690892 0.878036 10.199129 0.685978 5.316319 0.530288 
29.987881 20.000048 31.429255 19.943121 32.899487 19.784765 34.388260 19.517284 35.882507 19.134872 37.366177 18.634190 38.820259 18.014887 40.222759 17.280033 41.548985 16.436483 42.771862 15.494887 43.862499 14.469588 44.790775 13.378143 45.526115 12.240678 46.038216 11.078976 46.297821 9.915392 46.277325 8.771755 45.951385 7.668278 45.297218 6.622622 44.294823 5.649187 42.926903 4.758630 41.178673 3.957733 39.037350 3.249495 36.491661 2.633487 33.531044 2.106370 30.144825 1.662510 26.321314 1.294645 22.046755 0.994516 17.304291 0.753439 12.072737 0.562780 6.325281 0.414322 
29.987869 19.998623 31.444595 20.231216 32.959831 20.367838 34.528725 20.393843 36.143337 20.295263 37.791992 20.059639 39.458851 19.677011 41.123402 19.140934 42.760292 18.449608 44.339310 17.606682 45.825703 16.621944 47.180794 15.511466 48.362907 14.297363 49.328548 13.006908 50.033772 11.671100 50.435501 10.322845 50.492943 8.994877 50.168568 7.717673 49.428959 6.517621 48.245140 5.415573 46.592541 4.426053 44.450424 3.557019 41.801113 2.810256 38.628693 2.182185 34.917542 1.665003 30.650673 1.247947 25.807793 0.918529 20.363325 0.663641 14.284081 0.470440 7.526682 0.326998 
29.988226 19.997196 31.382208 20.526623 32.856544 20.980751 34.413731 21.339724 36.053780 21.582243 37.773224 21.686277 39.564144 21.630178 41.413002 21.394054 43.299599 20.961676 45.196224 20.322348 47.067104 19.473022 48.868382 18.419987 50.548641 17.180117 52.050182 15.781118 53.310890 14.260609 54.266537 12.663981 54.853500 11.041182 55.011204 9.442740 54.684380 7.915691 53.824574 6.499846 52.390839 5.225145 50.349434 4.110221 47.672760 3.162416 44.337364 2.378960 40.321323 1.749014 35.601250 1.256156 30.148722 0.880862 23.926561 0.602703 16.884457 0.402044 8.953965 0.261197 
29.988953 19.995842 31.240355 20.813353 32.581886 21.589798 34.023647 22.303812 35.574856 22.930288 37.242790 23.440420 39.031548 23.802267 40.940384 23.981745 42.961712 23.944567 45.079048 23.658745 47.264862 23.098093 49.478870 22.246138 51.666908 21.100285 53.761002 19.675268 55.680813 18.005104 57.336460 16.142757 58.632816 14.157021 59.474384 12.126603 59.770447 10.132363 59.439457 8.248811 58.411972 6.536730 56.631721 5.038048 54.054699 3.773915 50.646255 2.745839 46.376648 1.939277 41.215523 1.328591 35.125431 0.882217 28.054836 0.567216 19.929996 0.352643 10.645455 0.211636 
29.990030 19.994633 31.022110 21.074173 32.139809 22.155588 33.359234 23.220699 34.697701 24.246136 36.173100 25.202414 37.802959 26.053347 39.602924 26.755676 41.584427 27.259670 43.751789 27.510637 46.098431 27.452234 48.602646 27.031561 51.223225 26.206364 53.895943 24.953579 56.531807 23.277935 59.017952 21.218554 61.222050 18.851192 62.999775 16.283966 64.204735 13.646374 64.698921 11.072884 64.361595 8.684976 63.094883 6.575673 60.824982 4.800424 57.498756 3.375679 53.076366 2.284463 47.521210 1.486351 40.787895 0.928660 32.809155 0.556317 23.480947 0.318877 12.644652 0.174404 
29.991421 19.993639 30.735598 21.291742 31.547293 22.635916 32.445660 24.015188 33.452843 25.413595 34.594082 26.808546 35.897587 28.169106 37.394016 29.453886 39.115028 30.609257 41.090988 31.567884 43.347008 32.248810 45.897209 32.559853 48.736938 32.403988 51.833637 31.690639 55.117676 30.352083 58.475384 28.363186 61.747322 25.760120 64.733994 22.650997 67.209946 19.212128 68.944252 15.666222 69.722733 12.246382 69.366547 9.155462 67.742233 6.533783 64.760902 4.444305 60.367222 2.877553 54.521049 1.771071 47.174614 1.034498 38.247726 0.572195 27.600449 0.298767 15.000380 0.146624 
29.993069 19.992924 30.393768 21.450014 30.834099 22.990032 31.333101 24.610989 31.913610 26.307728 32.602978 28.070286 33.433811 29.881863 34.444790 31.715832 35.680984 33.532085 37.193825 35.272373 39.039619 36.855354 41.275925 38.171967 43.954224 39.083454 47.107903 39.425163 50.734921 39.020420 54.776630 37.708427 59.097412 35.386490 63.472820 32.058495 67.594711 27.872694 71.098167 23.125717 73.605995 18.218700 74.778900 13.572005 74.354599 9.529685 72.163467 6.291823 68.117203 3.898709 62.176132 2.263335 54.304482 1.228399 44.421894 0.621420 32.352695 0.291698 17.766705 0.126208 
29.994904 19.992537 30.013706 21.535721 30.040695 23.183752 30.092724 24.942522 30.190128 26.817343 30.357635 28.811981 30.625473 30.927317 31.030964 33.158989 31.620224 35.493961 32.450504 37.905197 33.592403 40.344177 35.131653 42.730396 37.168652 44.938328 39.813293 46.783577 43.170834 48.013474 47.314075 48.312656 52.239750 47.339287 57.815319 44.804733 63.734764 40.593124 69.511833 34.879784 74.531250 28.175898 78.152840 21.236992 79.829697 14.848644 79.190460 9.591307 76.053619 5.707715 70.376289 3.122483 62.163998 1.566432 51.370525 0.717861 37.800381 0.298657 21.002541 0.111681 
29.996838 19.992517 29.615492 21.539749 29.214508 23.194347 28.808233 24.966909 28.413488 26.869722 28.050280 28.916653 27.742668 31.122921 27.520226 33.504292 27.419821 36.075531 27.488569 38.847481 27.787710 41.821941 28.398180 44.982658 29.427586 48.280491 31.018030 51.609982 33.351631 54.775318 36.645706 57.448174 41.122650 59.132710 46.935863 59.175400 54.044830 56.881424 62.074932 51.780720 70.249245 43.979713 77.484650 34.369793 82.650307 24.436695 84.860626 15.684170 83.638947 9.045676 78.882874 4.675693 70.685165 2.160778 59.111931 0.888938 44.001297 0.322902 24.770851 0.102076 
29.998777 19.992886 29.220781 21.458158 28.405188 23.014021 27.564907 24.672361 26.714209 26.448116 25.869087 28.359737 25.047655 30.429766 24.271000 32.685310 23.564198 35.158382 22.958265 37.885895 22.492950 40.908924 22.221403 44.270069 22.217510 48.007317 22.587673 52.140678 23.489246 56.645130 25.156725 61.398800 27.930832 66.092850 32.266556 70.099350 38.658279 72.346107 47.398914 71.364143 58.177834 65.772896 69.765335 55.253887 80.167419 41.364407 87.315491 27.140987 89.814575 15.463600 87.210106 7.622472 79.703186 3.245611 67.631134 1.189375 51.003906 0.371449 29.137333 0.096881 
30.000622 19.993641 28.851274 21.292667 27.659834 22.651033 26.439121 24.080027 25.202364 25.594488 23.963337 27.213449 22.736406 28.960934 21.536890 30.866941 20.381390 32.968582 19.288628 35.311600 18.280581 37.952209 17.384581 40.959053 16.636757 44.415058 16.088226 48.418026 15.816566 53.077255 15.947577 58.498875 16.697193 64.742569 18.449530 71.709923 21.876543 78.893150 28.017561 84.930527 38.009453 87.184311 52.101704 82.235115 68.438034 68.304123 83.182968 48.131119 92.484108 28.114780 94.367859 13.503292 88.867767 5.334622 76.857330 1.732808 58.841446 0.458289 34.168522 0.096053 
30.002270 19.994764 28.527275 21.050526 27.019169 22.128222 25.491108 23.238815 23.955887 24.396769 22.426031 25.620548 20.913715 26.933258 19.430958 28.363544 17.989674 29.946697 16.602003 31.726362 15.280585 33.756863 14.039217 36.106358 12.893773 38.861206 11.863904 42.131889 10.976255 46.060913 10.270873 50.832394 9.814985 56.681122 9.735581 63.890751 10.302510 72.741341 12.150294 83.267570 16.767437 94.459282 26.845495 102.580284 44.551605 100.318451 67.377205 81.906654 87.626991 52.494728 98.301292 25.690491 97.444191 9.607879 86.618790 2.768314 67.523552 0.611522 39.929260 0.100147 
30.003628 19.996218 28.266521 20.743818 26.515221 21.479425 24.762230 22.215384 23.019119 22.967026 21.296703 23.752909 19.605040 24.595146 17.953655 25.520048 16.351614 26.558929 14.807729 27.749516 13.330606 29.137915 11.928871 30.781446 10.611285 32.752708 9.386993 35.145477 8.265978 38.083447 7.259928 41.733139 6.384120 46.323265 5.661987 52.173973 5.136987 59.739166 4.908966 69.659134 5.270026 82.755760 7.400545 99.399857 15.684975 116.037704 37.092197 119.027863 68.782021 93.382477 94.777267 50.829601 103.849213 18.848038 96.542969 4.875257 77.022720 0.889972 46.479492 0.110607 
30.004608 19.997942 28.083355 20.388348 26.170605 20.744844 24.276226 21.082794 22.408941 21.419479 20.576693 21.774118 18.786791 22.167995 17.046253 22.624901 15.361946 23.171721 13.740790 23.839561 12.189773 24.665302 10.716038 25.693876 9.326811 26.981493 8.029287 28.600367 6.830483 30.645760 5.737020 33.246548 4.754896 36.581512 3.889393 40.905411 3.145251 46.591469 2.527719 54.204491 2.045440 64.628365 1.733001 79.297928 1.739390 100.566132 6.405285 127.782494 32.369267 137.623383 76.065964 97.100334 104.583565 39.407471 105.817390 9.478488 87.248810 1.424160 53.870384 0.130428 
30.005142 19.999863 27.988260 20.002296 25.999073 19.966459 24.042803 19.910944 22.123922 19.854689 20.246679 19.816978 18.415380 19.817545 16.634758 19.877014 14.910154 20.017416 13.247681 20.263180 11.654172 20.642395 10.137180 21.188650 8.704786 21.943546 7.365338 22.960321 6.127108 24.309225 4.997826 26.085503 3.984123 28.421688 3.090903 31.507286 2.320610 35.620972 1.672294 41.186371 1.139680 48.870590 0.711307 59.776405 0.346189 75.813660 -0.287087 100.931274 -0.157776 140.930023 35.142265 153.905136 92.167274 82.996727 112.588615 20.209064 97.993820 2.523890 62.139671 0.165600 
30.005178 20.001892 27.987700 19.604902 26.006752 19.184345 24.061838 18.760387 22.152769 18.351833 20.280231 17.976330 18.446075 17.650633 16.653610 17.391159 14.907742 17.214550 13.215014 17.138605 11.583475 17.183348 10.022537 17.372536 8.542670 17.735624 7.154999 18.310541 5.870800 19.147743 4.700869 20.316187 3.654784 21.912474 2.740107 24.075447 1.961519 27.010014 1.319900 31.028297 0.811088 36.621803 0.427404 44.602818 0.150521 56.363106 -0.058468 74.563141 0.027117 104.246933 -4.534725 162.034470 54.534657 154.479431 112.450005 46.083054 108.798065 4.978351 71.305832 0.228377 
30.004688 20.003927 28.084162 19.215296 26.193562 18.434282 24.326981 17.679680 22.480330 16.967627 20.651773 16.312119 18.841913 15.725484 17.053934 15.219058 15.293638 14.803788 13.569353 14.491104 11.891679 14.293824 10.273228 14.227391 8.728180 14.311401 7.271736 14.571728 5.919434 15.043578 4.686335 15.775961 3.586057 16.838486 2.629753 18.332207 1.825012 20.407269 1.174749 23.293379 0.675992 27.353027 0.321250 33.186565 0.094013 41.820862 -0.029286 55.209656 0.000064 77.254837 2.046987 114.728271 -1.949379 197.443298 95.166634 104.939606 118.598244 10.933229 81.359909 0.345169 
30.003670 20.005865 28.276318 18.851608 26.554409 17.746666 24.828106 16.705462 23.090935 15.739296 21.340027 14.857074 19.576155 14.065878 17.803734 13.371668 16.030762 12.779856 14.268615 12.296069 12.531698 11.926899 10.837076 11.680891 9.203900 11.569735 7.652707 11.609882 6.204545 11.824856 4.879922 12.248596 3.697574 12.930528 2.673122 13.943634 1.817627 15.397573 1.136124 17.461313 0.626088 20.402557 0.278299 24.666159 0.072418 31.013142 -0.020734 40.891457 -0.002835 57.236179 0.122983 86.756409 1.534552 143.458221 43.495972 201.246292 124.748314 26.460264 92.251656 0.576797 
30.002150 20.007599 28.559195 18.530378 27.079975 17.146460 25.552546 15.864228 23.969589 14.689308 22.328518 13.625274 20.631422 12.674138 18.885008 11.836946 17.100498 11.114252 15.293366 10.506738 13.482924 10.015810 11.691864 9.644402 9.945561 9.397892 8.271214 9.285363 6.696744 9.321345 5.249472 9.528343 3.954540 9.940624 2.833166 10.610247 1.900752 11.616831 1.164929 13.084394 0.623556 15.210629 0.265098 18.325434 0.063895 22.993484 -0.017447 30.289162 -0.003641 42.403625 0.037601 64.354675 -0.351595 107.927429 -20.415215 230.335953 120.277573 68.050896 103.860680 1.074478 
30.000179 20.009029 28.924328 18.266218 27.756998 16.653851 26.485247 15.174892 25.101648 13.830355 23.604412 12.619732 21.997404 11.541253 20.290104 10.592285 18.497547 9.769679 16.640039 9.070261 14.742712 8.491327 12.834985 8.031315 10.949740 7.690565 9.122275 7.472326 7.388947 7.384117 5.785497 7.439660 4.345063 7.661729 3.095917 8.086672 2.059002 8.771703 1.245365 9.807434 0.653565 11.339625 0.269615 13.612871 0.061834 17.046169 -0.016166 22.436554 -0.003946 31.414621 0.018709 47.696663 -0.046314 79.680176 27.209133 139.191498 87.494675 167.453064 115.925926 2.246775 
29.997839 20.010065 29.359838 18.071690 28.568111 16.285276 27.608091 14.651529 26.471441 13.169878 25.156393 11.838486 23.667976 10.654176 22.018105 9.612622 20.225603 8.708585 18.315941 7.936337 16.320749 7.290143 14.277188 6.764914 12.226970 6.356921 10.215080 6.064687 8.288107 5.890122 6.492146 5.840045 4.870279 5.928373 3.459670 6.179523 2.288379 6.633874 1.372016 7.357095 0.710412 8.456303 0.287131 10.112646 0.063807 12.636881 -0.015894 16.619986 -0.004066 23.273375 0.012143 35.343853 -0.021653 59.005692 -1.187225 135.367325 2.058075 297.488098 127.851326 5.295623 
29.995230 20.010633 29.850485 17.957270 29.491295 16.054554 28.898537 14.305951 28.060148 12.713910 26.971897 11.279305 25.637978 10.000966 24.071299 8.875619 22.293652 7.898046 20.335453 7.061528 18.235191 6.358428 16.038660 5.780975 13.797757 5.322087 11.568919 4.976300 9.411047 4.740832 7.382889 4.616871 5.539855 4.611314 3.930304 4.739357 2.591427 5.028591 1.544918 5.525952 0.792703 6.309706 0.315973 7.513736 0.068872 9.368317 -0.016262 12.311369 -0.004097 17.241949 0.009513 26.188538 -0.015157 43.706352 0.184770 99.107162 -3.608063 224.982559 138.117981 14.042613 
29.992474 20.010679 30.377697 17.931337 30.499054 15.973889 30.327734 14.149948 29.843016 12.470280 29.033754 10.943423 27.899578 9.574578 26.451534 8.365123 24.712467 7.312622 22.716766 6.411326 20.509678 5.652983 18.146307 5.027936 15.690105 4.526252 13.210895 4.138891 10.782286 3.858880 8.478411 3.682537 6.369910 3.610948 4.519193 3.651971 2.975145 3.823324 1.767524 4.157752 0.901476 4.711888 0.355986 5.584345 0.076723 6.945527 -0.017128 9.119697 -0.004072 12.773598 0.008615 19.404266 -0.012749 32.376015 0.034791 73.561707 3.912255 160.780411 142.376694 41.192242 
29.989706 20.010174 30.919668 18.000092 31.557461 16.054609 31.858238 14.197108 31.785955 12.451342 31.316101 10.838734 30.437973 9.376038 29.156063 8.073897 27.490854 6.936356 25.478634 5.961271 23.170609 5.141425 20.631536 4.466133 17.937719 3.922957 15.174467 3.499388 12.432847 3.184363 9.805596 2.969640 7.382092 2.851163 5.242328 2.830689 3.450121 2.918112 2.045857 3.135281 1.039433 3.522517 0.407931 4.152047 0.087387 5.149712 -0.018448 6.755394 -0.004005 9.463247 0.008696 14.377365 -0.011790 23.983509 0.013482 54.518951 -1.495856 123.869003 127.117798 125.978958 
29.987070 20.009115 31.451599 18.167305 32.625248 16.307426 33.441448 14.464114 33.841499 12.676349 33.779388 10.982874 33.226078 9.417663 32.172459 8.006446 30.631144 6.764816 28.636620 5.698028 26.244181 4.802258 23.528000 4.066929 20.578369 3.477360 17.498325 3.017364 14.399506 2.671479 11.397034 2.426743 8.603233 2.274144 6.120028 2.210023 4.030241 2.237819 2.388206 2.370842 1.210633 2.636999 0.473237 3.088714 0.101100 3.818624 -0.020229 5.003977 -0.003900 7.010798 0.009466 10.652750 -0.011519 17.766678 0.007103 40.397148 0.064282 90.409523 53.272430 331.656586 
29.984709 20.007528 31.946188 18.433867 33.653202 16.742043 35.014999 14.971302 35.944130 13.173444 36.364227 11.406473 36.217743 9.726924 35.472019 8.182694 34.123352 6.807987 32.198307 5.621150 29.752691 4.625471 26.868914 3.812245 23.652052 3.164854 20.225220 2.662904 16.724140 2.285714 13.290729 2.014906 10.065285 1.836186 7.176970 1.740654 4.732720 1.726103 2.805100 1.798934 1.420426 1.977471 0.553920 2.299200 0.118259 2.831982 -0.022513 3.706569 -0.003757 5.193920 0.010818 7.893098 -0.011665 13.161364 0.004635 29.931343 0.015518 67.025162 -75.347473 418.580688 
29.982758 20.005470 32.374477 18.797077 34.584190 17.365841 36.500534 15.742045 38.005215 13.980930 38.983921 12.156612 39.338982 10.351435 39.000916 8.643362 37.937244 7.094927 36.156780 5.746376 33.709572 4.614276 30.683496 3.694914 27.198608 2.970343 23.400496 2.415049 19.452953 2.001647 15.529822 1.704942 11.805346 1.504404 8.442367 1.385536 5.578297 1.340784 3.309449 1.370685 1.675502 1.486008 0.652578 1.712876 0.139408 2.100625 -0.025367 2.745485 -0.003573 3.847898 0.012733 5.848428 -0.012121 9.749782 0.003678 22.176397 0.005870 49.664940 371.842255 149.812408 
29.981340 20.003021 32.707172 19.249714 35.354343 18.181362 37.802578 16.800196 39.908123 15.146908 41.515747 13.299978 42.476643 11.365300 42.668118 9.457904 42.011143 7.681405 40.481373 6.111591 38.112362 4.788900 34.992004 3.720441 31.254414 2.888432 27.070053 2.260926 22.635368 1.801374 18.162157 1.475327 13.865677 1.254205 9.950214 1.116909 6.591547 1.050321 3.916787 1.049663 1.984030 1.119540 0.772435 1.277331 0.165237 1.558469 -0.028881 2.033544 -0.003342 2.850708 0.015243 4.333503 -0.012851 7.222490 0.003489 16.430532 0.002646 36.797649 708.306580 3387.188721 
29.980558 20.000290 32.916485 19.778944 35.895927 19.182346 38.809750 18.164448 41.504879 16.725384 43.791748 14.923986 45.464272 12.876205 46.328873 10.735776 46.235897 8.662156 45.104095 6.787283 42.932419 5.193846 39.798534 3.911075 35.847664 2.925039 31.277435 2.195753 26.322393 1.673561 21.239536 1.310687 16.293564 1.067383 11.739523 0.914041 7.801234 0.831161 4.645595 0.808722 2.355858 0.846052 0.917427 0.953677 0.196605 1.156539 -0.033172 1.506166 -0.003058 2.111947 0.018414 3.211071 -0.013854 5.350271 0.003792 12.173388 0.001362 27.263163 215040.921875 579249.687500 
29.980484 19.997402 32.978485 20.365307 36.142521 20.348347 39.400097 19.838285 42.617035 18.765614 45.591339 17.131807 48.065929 15.030375 49.762707 12.640673 50.431713 10.189643 49.899288 7.894301 48.099327 5.911197 45.080265 4.313923 40.991470 3.101340 36.059620 2.224093 30.564205 1.613212 24.816521 1.200811 19.140947 0.930713 13.854449 0.761525 9.240684 0.665735 5.517668 0.627643 2.802759 0.641755 1.092308 0.713064 0.234556 0.858536 -0.038383 1.115510 -0.002711 1.564640 0.022344 2.379439 -0.015151 3.963331 0.004480 9.019295 0.000899 20.198858 515129684468432896.000000 516779192428265472.000000 
29.981157 19.994499 32.875862 20.982058 36.036865 21.638515 39.452751 21.794651 43.045265 21.290186 46.641129 20.023359 49.961632 18.007368 52.646267 15.403497 54.315258 12.500097 54.652599 9.632876 53.476505 7.084364 50.770718 5.016336 46.673409 3.461836 41.440857 2.363150 35.406651 1.622421 28.948591 1.140210 22.463673 0.834982 16.344265 0.648018 10.948119 0.540964 6.558532 0.491375 3.338732 0.488970 1.302788 0.534091 0.280355 0.637560 -0.044689 0.826136 -0.002289 1.159170 0.027162 1.763259 -0.016779 2.935886 0.005521 6.682465 0.000888 14.964954 -nan -nan 
29.982582 19.991732 32.600700 21.595312 35.541103 22.986187 38.867767 23.956556 42.594082 24.258051 46.632423 23.649923 50.744789 21.986862 54.526371 19.319271 57.455872 15.941618 59.014038 12.326503 58.822132 8.959373 56.732674 6.174663 52.839058 4.090152 47.423397 2.649719 40.886166 1.712640 33.689430 1.128341 26.320229 0.774407 19.263052 0.565331 12.966909 0.447146 7.797870 0.388716 3.980342 0.374560 1.555704 0.400881 0.335528 0.473678 -0.052300 0.611790 -0.001778 0.858780 0.033026 1.306709 -0.018789 2.174758 0.006922 4.951141 0.001184 11.087252 -nan -nan 
29.984724 19.989248 32.156872 22.165417 34.647919 24.297039 37.593712 26.179317 41.117523 27.515215 45.272617 27.930889 49.954533 27.056852 54.812260 24.690308 59.227757 20.979202 62.430553 16.476391 63.726154 11.952717 62.712711 8.067325 59.364658 5.139822 53.972855 3.154205 47.022270 1.909703 39.087048 1.170806 30.769836 0.746466 22.669025 0.507802 15.345662 0.377136 9.269934 0.311339 4.747103 0.288766 1.859213 0.301657 0.401908 0.352115 -0.061473 0.453023 -0.001161 0.636237 0.040133 0.968427 -0.021247 1.610921 0.008716 3.668428 0.001735 8.214359 -nan -nan 
29.987509 19.987194 31.561386 22.649822 33.389648 25.454275 35.657547 28.246140 38.584366 30.752283 42.385834 32.541260 47.181297 33.033867 52.834743 31.644899 58.790630 28.102125 64.064377 22.788616 67.512375 16.747395 68.263451 11.189493 66.009529 6.894340 60.993721 4.008871 53.805962 2.264195 45.178192 1.282246 35.869671 0.752272 26.623356 0.471931 18.138079 0.325745 11.013916 0.253063 5.661893 0.224337 2.223031 0.227682 0.481694 0.261923 -0.072515 0.335427 -0.000418 0.471366 0.048720 0.717771 -0.024235 1.193237 0.010956 2.718081 0.002529 6.085915 -nan -nan 
29.990828 19.985697 30.844156 23.007399 31.841316 26.333193 33.184364 29.891743 35.142666 33.510468 38.053963 36.833839 42.280819 39.228172 48.058754 39.764324 55.193237 37.479290 62.747421 32.038105 69.105774 24.370443 72.612610 16.405390 72.330177 9.882925 68.285744 5.465625 61.180588 2.872905 51.980095 1.492487 41.670975 0.797789 31.188383 0.456284 21.402479 0.289323 13.074216 0.209313 6.751396 0.175884 2.658692 0.172475 0.577525 0.194989 -0.085796 0.248329 0.000477 0.349222 0.059076 0.532037 -0.027853 0.883824 0.013713 2.013978 0.003577 4.509013 -nan -nan 
29.994534 19.984863 30.045921 23.203598 30.114202 26.823902 30.390892 30.860466 31.139385 35.280643 32.726402 39.925156 35.652420 44.356228 40.520378 47.636833 47.785477 48.219524 57.145432 44.452724 66.930153 36.032585 74.462921 25.120991 77.524345 15.090729 75.462006 8.015169 69.007820 3.924192 59.477486 1.859470 48.213608 0.896595 36.425056 0.461762 25.200891 0.265501 15.500546 0.176730 8.046547 0.139407 3.179865 0.131224 0.692559 0.145298 -0.101761 0.183823 0.001553 0.258731 0.071546 0.394405 -0.032222 0.654621 0.017078 1.492310 0.004905 3.340733 -nan -nan 
29.998457 19.984770 29.214462 23.215416 28.339684 26.855896 27.544491 30.982882 27.050468 35.686710 27.165031 41.030701 28.348373 46.937988 31.314350 52.924160 37.069778 57.608345 46.511887 58.318581 59.123028 52.129608 71.782501 39.184559 80.162430 24.269918 81.790306 12.627726 77.002640 5.796383 67.600395 2.497030 55.518116 1.075767 42.389442 0.492429 29.597599 0.253073 18.347794 0.152884 9.582950 0.111935 3.802688 0.100360 0.830575 0.108396 -0.120944 0.136051 0.002847 0.191690 0.086548 0.292414 -0.037488 0.484836 0.021164 1.105803 0.006555 2.475185 -nan -nan 
30.002403 19.985460 28.399805 23.034916 26.647633 26.415005 24.899912 30.232870 23.332212 34.651222 22.161711 39.885822 21.698254 46.171425 22.462107 53.627041 25.421457 61.831638 32.264938 68.792084 44.798546 69.755737 61.983109 59.506325 77.818268 40.074379 85.889191 21.192463 84.601944 9.273685 76.182518 3.636821 63.573376 1.388546 49.128006 0.557407 34.657036 0.252069 21.675552 0.136075 11.401245 0.091268 4.546159 0.077235 0.996092 0.080977 -0.143989 0.100675 0.004401 0.142022 0.104581 0.216830 -0.043830 0.359068 0.026107 0.819435 0.008580 1.833922 -nan -nan 
30.006172 19.986940 27.649408 22.670380 25.146820 25.545433 22.644070 28.731062 20.282772 32.417717 18.208138 36.880688 16.592409 42.495308 15.695791 49.735775 16.030048 59.067436 18.809017 70.371483 26.837814 80.885506 43.758793 81.936310 67.004570 64.639755 85.205925 37.051216 90.691734 16.006466 84.876526 5.771116 72.315140 1.942575 56.671101 0.674940 40.440945 0.264099 25.547222 0.125212 13.547359 0.075782 5.432552 0.059882 1.194504 0.060594 -0.171666 0.074480 0.006268 0.105225 0.126248 0.160812 -0.051458 0.265908 0.032073 0.607257 0.011047 1.358822 -nan -nan 
30.009558 19.989174 27.004280 22.144814 23.913668 24.336487 20.874559 26.694820 18.002642 29.417299 15.397392 32.780033 13.152184 37.165028 11.375126 43.109051 10.242053 51.368790 10.170333 62.924049 12.504848 78.371689 21.813772 94.026794 45.250320 93.586182 75.483063 64.337311 93.055199 29.357395 92.970901 9.988329 81.584641 2.965768 65.023293 0.881280 47.004673 0.293179 30.028576 0.119765 16.072575 0.064289 6.487855 0.046841 1.432250 0.045432 -0.204903 0.055086 0.008510 0.077964 0.152270 0.119292 -0.060628 0.196903 0.039261 0.450045 0.014038 1.006828 -nan -nan 
30.012365 19.992085 26.496647 21.492331 22.991184 22.900608 19.613016 24.367863 16.450745 26.092804 13.573071 28.327814 11.036022 31.404190 8.889412 35.785271 7.186885 42.161366 6.017535 51.608418 5.640935 65.796249 7.302928 86.640518 18.475929 109.009537 52.067543 101.383362 87.434563 55.127739 98.981430 18.740479 91.040527 4.967089 74.147301 1.250908 54.392384 0.347540 35.185730 0.119806 19.033350 0.055934 7.742222 0.037029 1.716996 0.034145 -0.244813 0.040728 0.011201 0.057766 0.183511 0.088515 -0.071647 0.145792 0.047912 0.333558 0.017654 0.746038 -nan -nan 
30.014418 19.995556 26.149239 20.753452 22.395309 21.351570 18.834953 21.964893 15.526283 22.787621 12.515725 24.037762 9.843906 25.980700 7.546034 28.976484 5.649029 33.563171 4.170096 40.606094 3.126945 51.574684 2.606581 69.051521 3.456866 97.148895 19.057045 126.422668 67.089371 97.878281 99.764343 37.330601 99.957214 9.141850 83.933434 1.945066 62.630684 0.443567 41.082439 0.126189 22.490772 0.050127 9.230407 0.029642 2.057863 0.025735 -0.292735 0.030101 0.014432 0.042802 0.221012 0.065699 -0.084883 0.107936 0.058315 0.247243 0.022015 0.552818 -nan -nan 
30.015570 19.999439 25.975849 19.970476 22.124073 19.789043 18.497553 19.645437 15.125278 19.717979 12.040538 20.182882 9.282950 21.239151 6.893176 23.150137 4.903440 26.310772 3.327484 31.364635 2.153369 39.423615 1.342143 52.509010 0.831775 74.505814 0.587202 113.324051 29.103725 141.829453 88.946068 74.943344 106.742188 18.388046 94.134186 3.334880 71.719299 0.614729 47.776703 0.140985 26.509583 0.046503 10.992146 0.024084 2.465684 0.019463 -0.350278 0.022236 0.018309 0.031716 0.266014 0.048782 -0.100780 0.079899 0.070817 0.183283 0.027268 0.409659 -nan -nan 
30.015715 20.003553 25.982603 19.183748 22.165951 18.291183 18.557444 17.511728 15.164877 16.993559 12.019784 16.865870 9.173041 17.265831 6.683199 18.374966 4.601159 20.472307 2.955001 24.023197 1.738628 29.843475 0.907137 39.428017 0.377587 55.660309 0.036168 84.453148 -1.662224 140.570984 56.798058 135.081543 107.784073 39.566952 104.209999 6.329973 81.615356 0.932948 55.316620 0.168421 31.156662 0.044910 13.072440 0.019916 2.953292 0.014779 -0.419376 0.016416 0.022963 0.023502 0.320012 0.036238 -0.119869 0.059136 0.085836 0.135886 0.033588 0.303589 -nan -nan 
30.014793 20.007698 26.169397 18.429258 22.505745 16.913780 18.978989 15.619114 15.588040 14.651370 12.374878 14.091076 9.412813 14.020405 6.788330 14.554178 4.579897 15.881351 2.837659 18.331760 1.568482 22.497890 0.730733 29.477291 0.241416 41.393238 0.009640 62.591812 0.352556 102.429512 6.978104 176.602234 95.076408 86.024750 112.939758 13.282253 92.202179 1.562987 63.735279 0.216952 36.498928 0.045434 15.521679 0.016815 3.535854 0.011278 -0.502356 0.012112 0.028548 0.017416 0.384791 0.026934 -0.142788 0.043760 0.103872 0.100761 0.041187 0.224997 -nan -nan 
30.012798 20.011658 26.531111 17.737543 23.127819 15.693336 19.736471 13.989897 16.360279 12.685566 13.062925 11.814672 9.950255 11.412344 7.145997 11.539989 4.764470 12.317308 2.884414 13.972305 1.529486 16.931503 0.661261 21.999073 0.188765 30.741287 0.003405 46.377148 0.058351 76.155319 -3.584498 140.293610 54.933384 164.824417 117.399994 30.393362 103.218369 2.910155 73.044090 0.304007 42.600632 0.048488 18.395512 0.014549 4.231241 0.008656 -0.602014 0.008928 0.035251 0.012907 0.462493 0.020031 -0.170304 0.032374 0.125525 0.074729 0.050319 0.166763 -nan -nan 
30.009775 20.015219 27.058399 17.133654 24.017212 14.651816 20.813166 12.625899 17.464483 11.068664 14.065632 9.974409 10.764001 9.339487 7.729847 9.182821 5.122293 9.570742 3.056087 10.654546 1.576212 12.737375 0.647986 16.406639 0.167972 22.818451 0.001188 34.360817 0.022787 56.454453 0.799402 100.282333 -6.227840 211.507004 110.380264 72.689987 114.078705 6.046510 83.222687 0.467527 49.520042 0.055002 21.754400 0.012956 5.060435 0.006690 -0.721721 0.006575 0.043295 0.009566 0.555680 0.014909 -0.203339 0.023944 0.151515 0.055434 0.061287 0.123613 -nan -nan 
30.005829 20.018177 27.737989 16.637823 25.159266 13.801626 22.199034 11.518241 18.896046 9.765083 15.381542 8.505645 11.852375 7.705574 8.534999 7.349913 5.643554 7.463268 3.337825 8.138553 1.690146 9.586658 0.671374 12.234247 0.163101 16.934017 0.000299 25.457357 0.012659 41.835194 0.156200 74.892677 6.067940 147.245331 75.767349 162.164978 123.385269 13.993119 94.200455 0.795924 57.305626 0.066861 25.662748 0.011931 6.047961 0.005214 -0.865532 0.004836 0.052946 0.007090 0.667419 0.011108 -0.242998 0.017704 0.182707 0.041132 0.074459 0.091637 -nan -nan 
30.001116 20.020346 28.552504 16.266512 26.538214 13.150096 23.887859 10.654393 20.658705 8.739244 17.020775 7.349234 13.227058 6.427075 9.570472 5.930408 6.332069 5.850269 3.727778 6.234227 1.865180 7.223524 0.723722 9.125074 0.168251 12.566452 0.000010 18.860764 0.008803 30.998552 0.067784 55.572777 -1.429626 115.912720 0.501923 256.267822 127.525002 35.506691 105.815941 1.511750 65.991669 0.087857 30.187515 0.011425 7.222337 0.004103 -1.038340 0.003552 0.064528 0.005256 0.801377 0.008284 -0.290613 0.013085 0.220136 0.030529 0.090271 0.067942 -nan -nan 
29.995842 20.021570 29.479912 16.033552 28.135029 12.703292 25.874012 10.023185 22.760887 7.960254 19.001270 6.454995 14.909281 5.434902 10.855209 4.834855 7.200926 4.617558 4.232152 4.794145 2.101903 5.452441 0.802682 6.809619 0.181118 9.325834 0.000067 13.973461 0.007285 22.968060 0.041902 41.200359 -0.053449 84.658409 -0.692742 190.817230 116.707848 93.852142 117.714157 3.223154 75.593163 0.125919 35.396271 0.011447 8.616519 0.003268 -1.246042 0.002605 0.078425 0.003896 0.961937 0.006187 -0.347779 0.009666 0.265044 0.022668 0.109252 0.050382 -nan -nan 
29.990252 20.021738 30.492699 15.951178 29.924618 12.469198 28.148783 9.618526 25.212170 7.404736 21.345785 5.782968 16.927322 4.673859 12.415894 3.992652 8.270378 3.676390 4.862988 3.705353 2.405199 4.125347 0.908790 5.085714 0.200966 6.921793 0.000373 10.352589 0.006921 17.017689 0.031961 30.537085 -0.022115 62.687759 0.486089 140.396133 66.954102 222.927811 129.058212 7.732631 86.099129 0.198643 41.354664 0.012083 10.268312 0.002639 -1.495765 0.001906 0.095100 0.002889 1.154333 0.004628 -0.416420 0.007136 0.318919 0.016839 0.132031 0.037368 -nan -nan 
29.984619 20.020786 31.556887 16.030764 31.872393 12.460425 30.696018 9.442575 28.019409 7.058916 24.079018 5.303807 19.314566 4.101319 14.285624 3.349015 9.566834 2.958522 5.637212 2.881955 2.783236 3.130739 1.044454 3.802260 0.227875 5.138492 0.000891 7.669997 0.007276 12.608845 0.028067 22.631376 -0.014808 46.433498 -0.103714 104.522537 -31.886871 322.594666 137.651062 20.750219 97.461891 0.348020 48.123333 0.013536 12.220697 0.002166 -1.796122 0.001391 0.115108 0.002142 1.384808 0.003469 -0.498844 0.005265 0.383544 0.012515 0.159368 0.027721 -nan -nan 
29.979233 20.018707 32.631111 16.283112 33.930199 12.696567 33.486717 9.509002 31.182041 6.920829 27.224388 4.999136 22.107601 3.685862 16.502937 2.862151 11.122381 2.411893 6.576306 2.258949 3.247094 2.384923 1.213553 2.846561 0.262444 3.815659 0.001617 5.682556 0.008183 9.342251 0.027197 16.771715 -0.012216 34.396305 -0.020237 77.357849 81.729248 173.963959 137.115234 60.590080 109.575287 0.682840 55.754387 0.016226 14.522024 0.001814 -2.157549 0.001012 0.139112 0.001589 1.660799 0.002606 -0.597831 0.003881 0.461053 0.009308 0.192169 0.020571 -nan -nan 
29.974386 20.015551 33.665989 16.718060 36.031635 13.206162 36.472134 9.846894 34.685955 7.003471 30.799959 4.862530 25.344002 3.406313 19.110847 2.500906 12.974517 1.997084 7.706306 1.787325 3.810738 1.825223 1.421308 2.134683 0.305670 2.834350 0.002565 4.210129 0.009588 6.922002 0.028236 12.429115 -0.011177 25.480236 -0.011497 57.300869 -3.832657 291.776855 108.154404 175.993866 122.221001 1.511235 64.287544 0.020994 17.225998 0.001554 -2.592704 0.000734 0.167911 0.001179 1.991156 0.001963 -0.716726 0.002859 0.554003 0.006928 0.231523 0.015270 -nan -nan 
29.970358 20.011425 34.604130 17.343182 38.086987 14.027925 39.574860 10.505799 38.495121 7.339828 34.812889 4.901830 29.059397 3.251513 22.155624 2.242995 15.165911 1.684526 9.057957 1.430235 4.491176 1.404768 1.674314 1.604162 0.358915 2.106323 0.003759 3.119257 0.011496 5.128826 0.030752 9.211015 -0.010838 18.875549 -0.009073 42.447876 6.771683 208.046539 6.675430 384.047791 134.916031 3.790822 73.746048 0.029581 20.391363 0.001367 -3.116979 0.000530 0.202462 0.000875 2.386390 0.001483 -0.859558 0.002103 0.665454 0.005161 0.278736 0.011339 -nan -nan 
29.967400 20.006495 35.381283 18.161259 39.978371 15.210254 42.677391 11.562024 42.539845 7.991006 39.251556 5.143776 33.283394 3.221234 25.685093 2.073874 17.744019 1.452366 10.666915 1.160060 5.308733 1.088549 1.980658 1.208541 0.423915 1.566130 0.005237 2.311065 0.013949 3.800253 0.034609 6.826304 -0.010904 13.982899 -0.008159 31.445698 -5.549436 164.932373 -16.849977 304.167419 146.429352 10.775896 84.132271 0.045812 24.081213 0.001242 -3.749144 0.000381 0.243909 0.000649 2.858960 0.001126 -1.031184 0.001545 0.799061 0.003849 0.335371 0.008424 -nan -nan 
29.965717 20.000973 35.929199 19.166300 41.556538 16.807133 45.607998 13.125404 46.699940 9.059055 44.073963 5.642645 38.033703 3.328921 29.746189 1.986390 20.760408 1.284905 12.573928 0.956183 6.287405 0.850434 2.350112 0.913281 0.502811 1.165233 0.007048 1.712299 0.017019 2.815903 0.039826 5.059185 -0.011259 10.358444 -0.007797 23.295418 2.713186 115.602188 35.285545 190.453247 153.107056 34.287327 95.422493 0.078702 28.361816 0.001171 -4.512154 0.000272 0.293628 0.000482 3.423595 0.000858 -1.237462 0.001133 0.959198 0.002875 0.403300 0.006262 -nan -nan 
29.965466 19.995117 36.180824 20.338091 42.642014 18.867079 48.124897 15.343300 50.780685 10.706097 49.190105 6.495711 43.307446 3.607573 34.381409 1.981454 24.269653 1.171563 14.824890 0.803309 7.455245 0.670939 2.794374 0.692710 0.598214 0.867641 0.009251 1.268688 0.020802 2.086586 0.046522 3.749714 -0.011863 7.673444 -0.007705 17.257637 0.149541 88.001389 -15.392475 200.800568 142.702988 116.428101 107.559258 0.151315 33.300907 0.001152 -5.434195 0.000192 0.353263 0.000358 4.097663 0.000658 -1.485465 0.000829 1.151083 0.002150 0.484768 0.004658 -nan -nan 
29.966730 19.989212 36.078190 21.635895 43.035229 21.410648 49.902924 18.393116 54.479256 13.179564 54.434441 7.870262 49.067772 4.121262 39.623669 2.070303 28.327614 1.106371 17.470694 0.690240 8.844765 0.535546 3.327363 0.527749 0.713276 0.646668 0.011921 0.940026 0.025423 1.546220 0.054892 2.779360 -0.012709 5.684385 -0.007779 12.784760 0.044532 65.295517 14.682625 127.570885 73.238647 357.212463 120.436737 0.328248 38.965378 0.001191 -6.550040 0.000135 0.424786 0.000266 4.901566 0.000508 -1.783749 0.000605 1.380944 0.001612 0.582460 0.003468 -nan -nan 
29.969524 19.983562 35.582748 22.992903 42.542011 24.392859 50.533901 22.444677 57.341797 16.835741 59.522163 10.049067 55.222374 4.987254 45.488647 2.279558 32.988888 1.088077 20.566774 0.608987 10.493300 0.433455 3.965556 0.404220 0.851788 0.482528 0.015146 0.696524 0.031037 1.145846 0.065203 2.060287 -0.013812 4.210881 -0.007980 9.471167 0.022102 48.397324 -0.011409 109.458908 -101.336578 550.418579 133.865067 0.808993 45.418438 0.001302 -7.902827 0.000094 0.510557 0.000198 5.859169 0.000395 -2.142670 0.000440 1.656198 0.001211 0.699587 0.002584 -nan -nan 
29.973782 19.978472 34.686684 24.314262 41.020199 27.653721 49.564644 27.562054 58.721291 22.130613 63.980392 13.500636 61.587311 6.418293 51.963005 2.661573 38.303165 1.121145 24.172228 0.554194 12.443304 0.356657 4.728374 0.311586 1.018297 0.360550 0.019034 0.516115 0.037830 0.849192 0.077793 1.527409 -0.015204 3.119304 -0.008294 7.016387 0.014407 35.864265 -0.005675 81.086067 823.747681 162.651215 147.465195 2.276043 52.716290 0.001519 -9.546434 0.000064 0.613402 0.000148 6.998254 0.000310 -2.574797 0.000319 1.985674 0.000912 0.839991 0.001928 -nan -nan 
29.979357 19.974234 33.422188 25.482195 38.445286 30.877018 46.610729 33.519733 57.776100 29.494740 67.046951 18.964375 67.823883 8.802670 58.985046 3.315452 44.310005 1.218270 28.348377 0.522846 14.742489 0.299244 5.638588 0.242020 1.218242 0.269855 0.023716 0.382449 0.046030 0.629382 0.093080 1.132499 -0.016926 2.310662 -0.008721 5.197831 0.011328 26.574747 -0.005263 60.071194 18567.437500 47036.644531 160.311218 7.315595 60.904480 0.001907 -11.548718 0.000043 0.736700 0.000110 8.350964 0.000247 -3.095409 0.000231 2.379854 0.000689 1.008261 0.001441 -nan -nan 
29.986032 19.971109 31.864653 26.370655 34.973938 33.599628 41.575691 39.578686 53.613743 38.939610 67.551865 27.468472 73.326721 12.849396 66.410942 4.430361 51.031170 1.405765 33.156658 0.514307 17.443764 0.256912 6.722766 0.189704 1.458119 0.202378 0.029349 0.283414 0.055913 0.466508 0.111576 0.839821 -0.019036 1.711621 -0.009272 3.850605 0.010255 19.690783 -0.005158 44.502876 2278994214912.000000 2365080469504.000000 169.565613 26.638199 70.014084 0.002598 -13.995990 0.000029 0.884491 0.000082 9.954219 0.000199 -3.723133 0.000166 2.851166 0.000523 1.209876 0.001078 -nan -nan 
29.993517 19.969318 30.126242 26.868332 30.960384 35.314880 34.917068 44.438110 45.759731 49.313324 63.891712 39.987297 77.031555 19.816700 73.951721 6.376383 58.458748 1.734884 38.655636 0.530828 20.604858 0.226608 8.011711 0.150318 1.745673 0.152138 0.036120 0.210036 0.067807 0.345817 0.133900 0.622896 -0.021603 1.267855 -0.009962 2.852551 0.010302 14.589895 -0.005119 32.969349 -nan -nan 164.745361 106.045441 80.057892 0.003876 -16.999380 0.000018 1.061599 0.000061 11.850068 0.000163 -4.480751 0.000118 3.414304 0.000399 1.451368 0.000808 -nan -nan 
30.001469 19.969023 28.339558 26.903618 26.882391 35.657455 27.714630 46.680107 34.999573 57.733692 54.470467 56.120480 77.129646 31.714073 81.050186 9.895432 66.535110 2.306118 44.896946 0.578850 24.287537 0.206298 9.540889 0.120653 2.090120 0.114699 0.044256 0.155666 0.082112 0.256381 0.160796 0.462106 -0.024713 0.939119 -0.010813 2.113172 0.011130 10.810395 -0.005103 24.424900 -nan -nan 102.044464 403.031372 91.026566 0.006393 -20.704117 0.000011 1.273785 0.000046 14.085910 0.000136 -5.396230 0.000084 4.086591 0.000306 1.740519 0.000608 -nan -nan 
30.009499 19.970314 26.635735 26.461910 23.191158 34.564674 21.255877 45.627674 23.856709 60.696537 39.312515 71.682709 70.855614 50.804035 86.636238 16.484749 75.115860 3.323195 51.919731 0.671869 28.556309 0.194853 11.350788 0.098336 2.502407 0.086772 0.054028 0.115380 0.099304 0.190102 0.193162 0.342913 -0.028471 0.695597 -0.011853 1.565426 0.012612 8.010037 -0.005099 18.094864 -nan -nan -139.926605 827.671387 102.884605 0.011765 -25.303482 0.000007 1.527913 0.000034 16.714518 0.000116 -6.504066 0.000059 4.888382 0.000236 2.086583 0.000458 -nan -nan 
30.017195 19.973209 25.124538 25.587749 20.176008 32.291168 16.347559 41.809486 15.217756 57.082851 22.514805 78.682808 55.258278 76.440620 88.661011 29.036217 83.895126 5.217550 59.742649 0.836567 33.476532 0.192070 13.487179 0.081609 2.995505 0.065916 0.065762 0.085529 0.119955 0.140982 0.232076 0.254547 -0.033003 0.515204 -0.013116 1.159647 0.014723 5.935181 -0.005101 13.405340 -nan -nan 2278.558594 226.875610 115.565605 0.024364 -31.060574 0.000004 1.832157 0.000026 19.793789 0.000101 -7.847044 0.000041 5.843488 0.000183 2.500546 0.000347 -nan -nan 
30.024141 19.977642 23.882944 24.371370 17.929832 29.271194 13.057505 36.475807 9.981417 49.241264 10.682166 73.011925 31.317617 98.409767 83.383842 52.187737 92.244629 8.942244 68.351349 1.126384 39.111820 0.198875 16.001186 0.069191 3.584744 0.050320 0.079849 0.063408 0.144755 0.104575 0.278832 0.189025 -0.038460 0.381575 -0.014645 0.859040 0.017497 4.397871 -0.005107 9.931169 -nan -nan 1966878.750000 2909125.250000 128.965591 0.057220 -38.343727 0.000002 2.196233 0.000020 23.386126 0.000091 -9.478585 0.000028 6.979627 0.000144 2.995421 0.000263 -nan -nan 
30.029940 19.983465 22.954098 22.926388 16.407652 25.944313 11.039993 30.792637 7.202339 40.309990 5.308936 60.189449 10.233894 99.719994 65.271820 88.988174 98.853432 16.656776 77.676239 1.652891 45.520691 0.217858 18.949114 0.060155 4.288185 0.038641 0.096758 0.047015 0.174527 0.077589 0.334982 0.140435 -0.045025 0.282591 -0.016492 0.636348 0.021007 3.258841 -0.005118 7.357374 -nan -nan 18137197034621588471808.000000 18143594397892268261376.000000 142.931366 0.153409 -47.687176 0.000001 2.631669 0.000015 27.557354 0.000086 -11.465950 0.000019 8.328874 0.000114 3.586584 0.000201 -nan -nan 
30.034229 19.990448 22.353790 21.367682 15.507895 22.648178 9.911421 25.475773 5.790036 32.094315 3.229046 47.023422 2.475425 81.839340 32.260437 126.625977 100.930115 33.137672 87.547859 2.662325 52.752323 0.254449 22.391914 0.053865 5.127028 0.029882 0.117051 0.034866 0.210261 0.057584 0.402387 0.104393 -0.052919 0.209270 -0.018717 0.471376 0.025360 2.414899 -0.005133 5.450612 -nan -nan -nan -nan 157.233154 0.471725 -59.901642 0.000001 3.152111 0.000011 32.375107 0.000084 -13.894653 0.000012 9.928075 0.000092 4.292147 0.000154 -nan -nan 
30.036707 19.998291 22.079775 19.795755 15.127366 19.593718 9.394476 20.840441 5.109087 25.194803 2.369077 35.981346 0.960413 62.151741 2.858515 129.527344 92.678406 67.301903 97.597229 4.732253 60.841133 0.319472 26.394218 0.049921 6.126046 0.023303 0.141404 0.025861 0.253143 0.042752 0.483274 0.077654 -0.062405 0.154961 -0.021396 0.349165 0.030698 1.789591 -0.005153 4.038013 -nan -nan -nan -nan 171.477402 1.667260 -76.292122 0.000000 3.773670 0.000009 37.906639 0.000086 -16.874746 0.000008 11.819201 0.000075 5.133367 0.000119 -nan -nan 
30.037149 20.006634 22.120247 18.289284 15.184421 16.886818 9.319078 16.960613 4.850099 19.644323 1.994136 27.296494 0.555433 46.490822 -0.233338 98.745178 64.331711 125.906830 107.015350 9.297544 69.799362 0.434898 31.022840 0.048155 7.314035 0.018355 0.170625 0.019187 0.304594 0.031754 0.580313 0.057811 -0.073800 0.114735 -0.024618 0.258632 0.037198 1.326269 -0.005177 2.991507 -nan -nan -nan -nan 184.762268 6.760170 -99.131409 0.000000 4.515303 0.000007 44.216064 0.000093 -20.549961 0.000005 14.049568 0.000063 6.135077 0.000093 -nan -nan 
30.035427 20.015068 22.459793 16.904297 15.623131 14.562186 9.589663 13.792684 4.866955 15.277020 1.849717 20.630442 0.407385 34.635628 -0.053327 72.987366 14.168777 177.483810 113.941635 20.060585 79.605530 0.647485 36.344685 0.048653 8.724262 0.014630 0.205686 0.014239 0.366319 0.023598 0.696696 0.043080 -0.087486 0.084942 -0.028491 0.191567 0.045076 0.982964 -0.005207 2.216216 -nan -nan -nan -nan 194.114975 31.111866 -132.834061 0.000000 5.399235 0.000005 51.361122 0.000107 -25.111439 0.000003 16.671871 0.000054 7.326147 0.000073 -nan -nan 
30.031517 20.023161 23.082642 15.677331 16.409878 12.612774 10.157554 11.246854 5.091541 11.882653 1.838132 15.569806 0.347154 25.765358 -0.027714 54.045662 -6.642820 151.504913 113.901245 46.362137 90.183029 1.063196 42.424046 0.051842 10.394860 0.011827 0.247749 0.010571 0.440358 0.017547 0.836242 0.032140 -0.103920 0.062876 -0.033145 0.141887 0.054597 0.728581 -0.005244 1.641853 -nan -nan -nan -nan 186.508118 156.400513 -187.449478 0.000000 6.451395 0.000004 59.389572 0.000132 -30.819120 0.000002 19.743935 0.000047 8.739914 0.000058 -nan -nan 
30.025509 20.030474 23.973791 14.630263 17.528179 11.010610 11.003389 9.223153 5.494880 9.263249 1.919038 11.749181 0.326887 19.155251 -0.019980 40.029964 2.382465 105.037201 96.330780 107.104927 101.353523 1.940140 49.319313 0.058703 12.369159 0.009722 0.298208 0.007851 0.529154 0.013058 1.003516 0.024011 -0.123651 0.046535 -0.038735 0.105085 0.066078 0.540082 -0.005289 1.216343 -nan -nan -nan -nan 90.629028 731.794678 -292.314423 0.000000 7.701871 0.000003 68.335426 0.000177 -38.036495 0.000001 23.328100 0.000042 10.414598 0.000047 -nan -nan 
30.017605 20.036585 25.118614 13.775341 18.973854 9.720057 12.126778 7.627829 6.069443 7.250444 2.076270 8.873260 0.329686 14.238083 -0.016979 29.651260 0.376275 79.694939 42.983353 207.794159 112.721886 3.957013 57.079121 0.071218 14.695860 0.008151 0.358734 0.005834 0.635630 0.009725 1.203965 0.017969 -0.147340 0.034434 -0.045448 0.077825 0.079905 0.400397 -0.005343 0.901110 -nan -nan -nan -nan -330.457214 1341.342896 -580.315613 0.000000 9.185346 0.000003 78.215164 0.000260 -47.289986 0.000000 27.490152 0.000040 12.393618 0.000039 -nan -nan 
30.008118 20.041115 26.501442 13.119718 20.750885 8.705719 13.540265 6.379711 6.820855 5.707695 2.305454 6.711838 0.348938 10.583452 -0.015823 21.964136 0.149107 59.266438 -22.613342 236.614258 123.364204 9.035172 65.737961 0.093370 17.429003 0.006995 0.431328 0.004338 0.763284 0.007251 1.444086 0.013474 -0.175780 0.025474 -0.053507 0.057632 0.096539 0.296881 -0.005408 0.667574 -nan -nan -nan -nan 25762.220703 4185.067383 -2629.619873 0.000000 10.941481 0.000002 89.023979 0.000421 -59.376923 0.000000 32.297714 0.000039 14.725767 0.000033 -nan -nan 
29.997458 20.043743 28.103399 12.669287 22.867788 7.937029 15.265671 5.411772 7.763875 4.527095 2.608951 5.088558 0.382208 7.868406 -0.015610 16.270096 0.088641 43.974483 32.336304 139.891846 130.920288 22.921432 75.311005 0.133482 20.627632 0.006169 0.518384 0.003228 0.916297 0.005413 1.731620 0.010127 -0.209921 0.018840 -0.063183 0.042676 0.116535 0.220164 -0.005487 0.494562 -nan -nan -nan -nan 752709599232.000000 776564899840.000000 -469144.343750 0.002780 13.015203 0.000002 100.732033 0.000760 -75.577507 0.000000 37.818062 0.000040 17.465183 0.000028 -nan -nan 
29.986120 20.044235 29.899578 12.431887 25.334063 7.391029 17.331625 4.670583 8.920438 3.624712 2.993679 3.869596 0.429091 5.851815 -0.016006 12.052219 0.066202 32.608452 -0.789471 143.205780 128.864197 62.646912 85.787270 0.209981 24.355070 0.005617 0.622771 0.002404 1.099660 0.004048 2.075771 0.007634 -0.250909 0.013929 -0.074798 0.031597 0.140560 0.163304 -0.005582 0.366388 -nan -nan -nan -nan -nan -nan -403975161511936.000000 56075063296.000000 15.456837 0.000001 113.280418 0.001540 -98.113724 0.000000 44.115387 0.000043 20.671005 0.000025 -nan -nan 
29.974659 20.042456 31.855598 12.420030 28.156292 7.054442 19.771595 4.115048 10.318676 2.935956 3.470198 2.953976 0.490374 4.354095 -0.016881 8.927754 0.057227 24.174763 0.180843 105.263603 99.006859 167.789612 97.118591 0.366740 28.677708 0.005309 0.747916 0.001792 1.319332 0.003032 2.487468 0.005775 -0.300117 0.010293 -0.088741 0.023392 0.169413 0.121158 -0.005697 0.271432 -nan -nan -nan -nan -nan -nan inf -nan 18.321980 0.000001 126.576576 0.003537 -131.280609 0.000000 51.247547 0.000049 24.406645 0.000022 -nan -nan 
29.963663 20.038380 33.923504 12.653279 31.333393 6.925917 22.621922 3.715141 11.992428 2.411558 4.052405 2.265777 0.567688 3.241689 -0.018196 6.613230 0.054630 17.920715 0.022534 78.128220 7.128754 334.317657 109.197075 0.717116 33.663246 0.005240 0.897921 0.001338 1.582412 0.002276 2.979658 0.004386 -0.359197 0.007603 -0.105476 0.017315 0.204055 0.089915 -0.005834 0.201086 -nan -nan -nan -nan -nan -nan -nan -nan 21.671076 0.000001 140.488770 0.009261 -184.784943 0.000000 59.262482 0.000061 28.738573 0.000021 -nan -nan 
29.953726 20.032101 36.037045 13.160257 34.850410 7.019236 25.919474 3.451075 13.980916 2.014254 4.757553 1.748055 0.663387 2.415352 -0.019963 4.898683 0.055870 13.284253 0.006531 57.896248 -14.512783 265.983826 121.799477 1.581148 39.378353 0.005435 1.077680 0.001000 1.897352 0.001713 3.567641 0.003348 -0.430135 0.005613 -0.125564 0.012815 0.245634 0.066752 -0.005999 0.148971 -nan -nan -nan -nan -nan -nan -nan -nan 25.568546 0.000001 154.839432 0.027804 -286.629639 0.000000 68.194443 0.000082 33.734558 0.000021 -nan -nan 
29.945415 20.023834 38.106541 13.979918 38.670025 7.368458 29.698528 3.313253 16.328396 1.716194 5.606436 1.358172 0.780529 1.801378 -0.022223 3.628585 0.059956 9.847463 0.002161 42.896656 23.892422 170.471649 134.429306 3.949709 45.885777 0.005970 1.293037 0.000749 2.274194 0.001294 4.269438 0.002570 -0.515319 0.004141 -0.149676 0.009482 0.295531 0.049576 -0.006198 0.110362 -nan -nan -nan -nan -nan -nan -nan -nan 30.081436 0.000001 169.396118 0.096014 -560.842651 0.000000 78.060204 0.000120 39.461334 0.000022 -nan -nan 
29.939247 20.013908 40.013931 15.161166 42.720600 8.036219 33.986420 3.303445 19.083611 1.496971 6.623702 1.064242 0.922924 1.345048 -0.025043 2.687729 0.066549 7.300108 0.000522 31.781727 -8.091614 160.379547 145.817825 11.173999 53.240959 0.006998 1.550957 0.000562 2.724849 0.000980 5.106205 0.001987 -0.617622 0.003052 -0.178619 0.007015 0.355398 0.036838 -0.006436 0.081759 -nan -nan -nan -nan -nan -nan -nan -nan 35.277481 0.000001 183.851547 0.381607 -2400.021973 0.000000 88.855324 0.000193 45.981693 0.000024 -nan -nan 
29.935648 20.002752 41.609425 16.758850 46.879124 9.126793 38.797245 3.437966 22.298904 1.342227 7.838200 0.842448 1.095227 1.005748 -0.028513 1.990772 0.075632 5.412063 -0.000129 23.546394 3.731954 109.592491 152.202667 35.342434 61.488346 0.008830 1.859732 0.000423 3.263407 0.000746 6.102662 0.001549 -0.740504 0.002247 -0.213360 0.005188 0.427216 0.027390 -0.006722 0.060570 -nan -nan -nan -nan -nan -nan -nan -nan 41.222614 0.000001 197.743729 1.741141 -331208.906250 0.000666 100.550392 0.000348 53.351151 0.000028 -nan -nan 
29.934937 19.990883 42.712444 18.822832 50.946770 10.805493 44.122505 3.754302 26.028816 1.242803 9.283350 0.675025 1.303061 0.753335 -0.032748 1.474492 0.087390 4.012692 -0.000301 17.444901 0.445709 84.280571 141.036606 118.960434 70.657486 0.012098 2.229214 0.000319 3.906498 0.000571 7.287547 0.001220 -0.888131 0.001653 -0.255065 0.003835 0.513354 0.020379 -0.007065 0.044871 -nan -nan -nan -nan -nan -nan -nan -nan 47.977928 0.000001 210.048721 9.055908 -100400732569600.000000 3337313024.000000 113.087044 0.000704 61.614281 0.000036 -nan -nan 
