3.000000000000000000e+01
3.015291180312670960e+01
3.005961562559362577e+01
3.011437729983531852e+01
3.011437729983531852e+01
2.998401334079035152e+01
3.000090125181685252e+01
3.000090125181685252e+01
3.000090125181685252e+01
3.000090125181685252e+01
3.000090125181685252e+01
3.000090125181685252e+01
3.000090125181685252e+01
3.013684353396836357e+01
3.021203990918455062e+01
3.021203990918455062e+01
3.021203990918455062e+01
3.021203990918455062e+01
3.021203990918455062e+01
3.021203990918455062e+01
3.021203990918455062e+01
3.029817937128997940e+01
3.029817937128997940e+01
3.041271136168323252e+01
3.041271136168323252e+01
3.044980455992407897e+01
3.044980455992407897e+01
3.043511604953513228e+01
3.043511604953513228e+01
3.043511604953513228e+01
3.043511604953513228e+01
3.043511604953513228e+01
3.043511604953513228e+01
3.041199634809243690e+01
3.064966741432729691e+01
3.045990480087736074e+01
3.044443695051188925e+01
3.044443695051188925e+01
3.044443695051188925e+01
3.044443695051188925e+01
3.059614789485597441e+01
3.077286757564909436e+01
3.077286757564909436e+01
3.077286757564909436e+01
3.069209095586610303e+01
3.070641216509297777e+01
3.070641216509297777e+01
3.070641216509297777e+01
3.073938104572205532e+01
3.087922015034400403e+01
3.090166202097598713e+01
3.094722409062475066e+01
3.094722409062475066e+01
3.094722409062475066e+01
3.074383846147879140e+01
3.070627419889784804e+01
3.070627419889784804e+01
3.070627419889784804e+01
3.070627419889784804e+01
3.068518668400288263e+01
3.068518668400288263e+01
3.068518668400288263e+01
3.068518668400288263e+01
3.068518668400288263e+01
3.068518668400288263e+01
3.062793360622973537e+01
3.062793360622973537e+01
3.062793360622973537e+01
3.057408561920930978e+01
3.057408561920930978e+01
3.055104814003781399e+01
3.052218609904836200e+01
3.052218609904836200e+01
3.052218609904836200e+01
3.044302118753534714e+01
3.044302118753534714e+01
3.044302118753534714e+01
3.044302118753534714e+01
3.045763203047220102e+01
3.045763203047220102e+01
3.045763203047220102e+01
3.045763203047220102e+01
3.045763203047220102e+01
3.049718146303526467e+01
3.049718146303526467e+01
3.050813827268478207e+01
3.050813827268478207e+01
3.050813827268478207e+01
3.050813827268478207e+01
3.049669449357401518e+01
3.046025178281951540e+01
3.058190933987791738e+01
3.055403249003986943e+01
3.043355145144959906e+01
3.052949465063278112e+01
3.052949465063278112e+01
3.044616663606516482e+01
3.044616663606516482e+01
3.044616663606516482e+01
3.044616663606516482e+01
3.040978317140985254e+01
3.040978317140985254e+01
3.040978317140985254e+01
3.040978317140985254e+01
3.040978317140985254e+01
3.040978317140985254e+01
3.040978317140985254e+01
3.040978317140985254e+01
3.040978317140985254e+01
3.035927950127280539e+01
3.035646386362224902e+01
3.035646386362224902e+01
3.041396626308218032e+01
3.041396626308218032e+01
3.041649986900964819e+01
3.041649986900964819e+01
3.041649986900964819e+01
3.041649986900964819e+01
3.034768890001837249e+01
3.034768890001837249e+01
3.031884066222567142e+01
3.031884066222567142e+01
3.022959789470845138e+01
3.039790250069357569e+01
3.039790250069357569e+01
3.034955270466689825e+01
3.022147748719074656e+01
3.022147748719074656e+01
3.022147748719074656e+01
3.022147748719074656e+01
3.022147748719074656e+01
3.022147748719074656e+01
3.022147748719074656e+01
3.022147748719074656e+01
3.022147748719074656e+01
3.022147748719074656e+01
3.031626576610756629e+01
3.041359460189062602e+01
3.035655141836619464e+01
3.035655141836619464e+01
3.035655141836619464e+01
3.035655141836619464e+01
3.053784455898207639e+01
3.053784455898207639e+01
3.043093089537905627e+01
3.031468205725730769e+01
3.037398145397086324e+01
3.035620065157295144e+01
3.035620065157295144e+01
3.035620065157295144e+01
3.035620065157295144e+01
3.035408083122776546e+01
3.035408083122776546e+01
3.035408083122776546e+01
3.035408083122776546e+01
3.035408083122776546e+01
3.035408083122776546e+01
3.035408083122776546e+01
3.035791228320560009e+01
3.035791228320560009e+01
3.035791228320560009e+01
3.035808268319962622e+01
3.035808268319962622e+01
3.031728895533779777e+01
3.031728895533779777e+01
3.031728895533779777e+01
3.036688555458971805e+01
3.036688555458971805e+01
3.036688555458971805e+01
3.036688555458971805e+01
3.036688555458971805e+01
3.029331422069624935e+01
3.029331422069624935e+01
3.029331422069624935e+01
3.029331422069624935e+01
3.029331422069624935e+01
3.029331422069624935e+01
3.029331422069624935e+01
3.015716020601412950e+01
3.024061167137674744e+01
3.024061167137674744e+01
3.016446453440795850e+01
3.016446453440795850e+01
3.016446453440795850e+01
3.011345047562750210e+01
3.011345047562750210e+01
3.011345047562750210e+01
3.011345047562750210e+01
3.011345047562750210e+01
3.011345047562750210e+01
3.011345047562750210e+01
3.012076763609983487e+01
3.012076763609983487e+01
3.012076763609983487e+01
3.016529428946714475e+01
3.027387076973536750e+01
3.027387076973536750e+01
3.031536934893750512e+01
3.012027208273108059e+01
3.021456841675147587e+01
3.014479052398358050e+01
3.007130023428068455e+01
3.006395631759966491e+01
2.972596912124338076e+01
2.958265576568119926e+01
2.967341434345416573e+01
2.967341434345416573e+01
2.967150252537426169e+01
2.967150252537426169e+01
2.982683170778994253e+01
2.982698270086468284e+01
2.964515895806891166e+01
2.973497310182642295e+01
2.978988470644981845e+01
2.969419140502734678e+01
2.964078014420285356e+01
2.977655803645346566e+01
2.977655803645346566e+01
2.977655803645346566e+01
2.977655803645346566e+01
2.993393561478657716e+01
2.984830530958624806e+01
2.985886298504247449e+01
2.973310240093130119e+01
2.978038692371687191e+01
2.977496065976781381e+01
2.977496065976781381e+01
2.977496065976781381e+01
2.977496065976781381e+01
2.980802363281549106e+01
2.980802363281549106e+01
2.980802363281549106e+01
2.981482490883692904e+01
2.975274224013420366e+01
2.975274224013420366e+01
2.975274224013420366e+01
2.975274224013420366e+01
2.975274224013420366e+01
2.975172585305747575e+01
2.975172585305747575e+01
2.975172585305747575e+01
2.975172585305747575e+01
2.975172585305747575e+01
2.978079025923768341e+01
2.978079025923768341e+01
2.978079025923768341e+01
2.980288865578731006e+01
2.980288865578731006e+01
2.980288865578731006e+01
2.980288865578731006e+01
2.980288865578731006e+01
2.979947261039566797e+01
2.988653175333338652e+01
2.982060459387657758e+01
2.982060459387657758e+01
2.982060459387657758e+01
2.982060459387657758e+01
2.982060459387657758e+01
2.982060459387657758e+01
2.988873735986040714e+01
2.999470548130842218e+01
2.999470548130842218e+01
2.999470548130842218e+01
2.999470548130842218e+01
2.999470548130842218e+01
2.991146379567012303e+01
2.991146379567012303e+01
2.983823949571968726e+01
2.988388274296453417e+01
2.988388274296453417e+01
2.988388274296453417e+01
2.988388274296453417e+01
2.988388274296453417e+01
2.988388274296453417e+01
2.988388274296453417e+01
2.988388274296453417e+01
2.994264688882521241e+01
3.000405821085127300e+01
3.000405821085127300e+01
3.000405821085127300e+01
3.000405821085127300e+01
3.000405821085127300e+01
2.996900678368549720e+01
2.996900678368549720e+01
2.996900678368549720e+01
2.996900678368549720e+01
2.995058744993385247e+01
2.991951163192184282e+01
2.991951163192184282e+01
2.991951163192184282e+01
2.991951163192184282e+01
2.991951163192184282e+01
3.014280051474119659e+01
3.013371700390837660e+01
3.013371700390837660e+01
3.013371700390837660e+01
3.013371700390837660e+01
3.013371700390837660e+01
3.013371700390837660e+01
3.005359231460137082e+01
3.005359231460137082e+01
2.989954442473015206e+01
2.989954442473015206e+01
2.989954442473015206e+01
2.989954442473015206e+01
2.989954442473015206e+01
3.009327993866145690e+01
3.009327993866145690e+01
3.009327993866145690e+01
3.003413778969214576e+01
3.003413778969214576e+01
2.976174937078717875e+01
2.980251992288060592e+01
2.980251992288060592e+01
2.987505471361382803e+01
2.987505471361382803e+01
2.974088355770462755e+01
2.950813480784842113e+01
2.950813480784842113e+01
2.950813480784842113e+01
2.950813480784842113e+01
2.950813480784842113e+01
2.929024973609079652e+01
2.936201606869972025e+01
2.936201606869972025e+01
2.936201606869972025e+01
2.936201606869972025e+01
2.936201606869972025e+01
2.936201606869972025e+01
2.936201606869972025e+01
2.936201606869972025e+01
2.936201606869972025e+01
2.936201606869972025e+01
2.936201606869972025e+01
2.936201606869972025e+01
2.936201606869972025e+01
2.936201606869972025e+01
2.936201606869972025e+01
2.936201606869972025e+01
2.936201606869972025e+01
2.936201606869972025e+01
2.936201606869972025e+01
2.936201606869972025e+01
2.928401371550240739e+01
2.933848662328401957e+01
2.933848662328401957e+01
2.949088011468265336e+01
2.949088011468265336e+01
2.949088011468265336e+01
2.949088011468265336e+01
2.949088011468265336e+01
2.949088011468265336e+01
2.949088011468265336e+01
2.947089126678764970e+01
2.947089126678764970e+01
2.947089126678764970e+01
2.947089126678764970e+01
2.947089126678764970e+01
2.947089126678764970e+01
2.947089126678764970e+01
2.947089126678764970e+01
2.947089126678764970e+01
2.947089126678764970e+01
2.947065466479902440e+01
2.947065466479902440e+01
2.947065466479902440e+01
2.947065466479902440e+01
2.947065466479902440e+01
2.947065466479902440e+01
2.940782437432875085e+01
2.940782437432875085e+01
2.940782437432875085e+01
2.935080945235067773e+01
2.935080945235067773e+01
2.944643236088520055e+01
2.944643236088520055e+01
2.944643236088520055e+01
2.952632874262495477e+01
2.952632874262495477e+01
2.949458641654720381e+01
2.949458641654720381e+01
2.949458641654720381e+01
2.949458641654720381e+01
2.949458641654720381e+01
2.947713776594028090e+01
2.947713776594028090e+01
2.960502504182824168e+01
2.964098404245333285e+01
2.964098404245333285e+01
2.973920648959519397e+01
2.973920648959519397e+01
2.973920648959519397e+01
2.973920648959519397e+01
2.973920648959519397e+01
2.985940352655474683e+01
2.985940352655474683e+01
2.985940352655474683e+01
2.985940352655474683e+01
2.985940352655474683e+01
2.985940352655474683e+01
2.985940352655474683e+01
2.985940352655474683e+01
2.985940352655474683e+01
2.985940352655474683e+01
2.986450993257329145e+01
2.986450993257329145e+01
2.988010907097119784e+01
2.988010907097119784e+01
2.988010907097119784e+01
2.988010907097119784e+01
2.988010907097119784e+01
2.988010907097119784e+01
2.988010907097119784e+01
2.988010907097119784e+01
2.988010907097119784e+01
2.988010907097119784e+01
2.988010907097119784e+01
2.988010907097119784e+01
2.988010907097119784e+01
2.988010907097119784e+01
2.986736209175258239e+01
2.986736209175258239e+01
2.986736209175258239e+01
3.003626601015000830e+01
3.003626601015000830e+01
2.993435612703312643e+01
2.993435612703312643e+01
2.993435612703312643e+01
2.993435612703312643e+01
2.993435612703312643e+01
2.993435612703312643e+01
2.993435612703312643e+01
2.993435612703312643e+01
2.989788854168795496e+01
2.989788854168795496e+01
2.991597808715849993e+01
2.991597808715849993e+01
2.993217126322919697e+01
3.005908682901204898e+01
3.005908682901204898e+01
3.005908682901204898e+01
3.005908682901204898e+01
3.000710485055477150e+01
3.000710485055477150e+01
3.000710485055477150e+01
2.981960309674337850e+01
2.981960309674337850e+01
2.972849214677987462e+01
2.967290391214351075e+01
2.970696431835618867e+01
2.970696431835618867e+01
2.970696431835618867e+01
2.970696431835618867e+01
2.957661077774462655e+01
2.939584617251042076e+01
2.939584617251042076e+01
2.939584617251042076e+01
2.947359113791063479e+01
2.947359113791063479e+01
2.948405980259682480e+01
2.948405980259682480e+01
2.954041944022984723e+01
2.954041944022984723e+01
2.954041944022984723e+01
2.952666520676947215e+01
2.943383435908710055e+01
2.929517352974731281e+01
2.925391881198553889e+01
2.935677022217569387e+01
2.949974914055230002e+01
2.973477779516705866e+01
2.973477779516705866e+01
2.973477779516705866e+01
2.973477779516705866e+01
2.973477779516705866e+01
2.973477779516705866e+01
2.966143041872283348e+01
2.971179435290806481e+01
2.971349892122914937e+01
2.971349892122914937e+01
2.971349892122914937e+01
2.971349892122914937e+01
2.958411115512866374e+01
2.958411115512866374e+01
2.958411115512866374e+01
2.953514322062649811e+01
2.959318252852046527e+01
2.959318252852046527e+01
2.964509844445850106e+01
2.963788716632318909e+01
2.963788716632318909e+01
2.963788716632318909e+01
2.963788716632318909e+01
2.963788716632318909e+01
2.974173585065476644e+01
2.974173585065476644e+01
2.973601284190752025e+01
2.973601284190752025e+01
2.973601284190752025e+01
2.973601284190752025e+01
2.973601284190752025e+01
2.973601284190752025e+01
2.974740184568847923e+01
2.974740184568847923e+01
2.990042914344088132e+01
2.974438003320489088e+01
2.974438003320489088e+01
2.974438003320489088e+01
2.967436436501775177e+01
2.967436436501775177e+01
2.967436436501775177e+01
2.967436436501775177e+01
2.967436436501775177e+01
2.967436436501775177e+01
2.946982039774191975e+01
2.949950046415366955e+01
2.949950046415366955e+01
2.949950046415366955e+01
2.949950046415366955e+01
2.949950046415366955e+01
2.949950046415366955e+01
2.949950046415366955e+01
2.952533849462508186e+01
2.952533849462508186e+01
2.952533849462508186e+01
2.952533849462508186e+01
2.947811157675812765e+01
2.947811157675812765e+01
2.947811157675812765e+01
2.947811157675812765e+01
2.947811157675812765e+01
2.936749925576826215e+01
2.927367099437732278e+01
2.927367099437732278e+01
2.927367099437732278e+01
2.927367099437732278e+01
2.933838181265600653e+01
2.934808730090361450e+01
2.934808730090361450e+01
2.934808730090361450e+01
2.934808730090361450e+01
2.934808730090361450e+01
2.946701619608036893e+01
2.946701619608036893e+01
2.946701619608036893e+01
2.946701619608036893e+01
2.946701619608036893e+01
2.946701619608036893e+01
2.946701619608036893e+01
2.946701619608036893e+01
2.946701619608036893e+01
2.946701619608036893e+01
2.946701619608036893e+01
2.946701619608036893e+01
2.946701619608036893e+01
2.946701619608036893e+01
2.946701619608036893e+01
2.946701619608036893e+01
2.943432172987098028e+01
2.943432172987098028e+01
2.943432172987098028e+01
2.946788218594179654e+01
2.946788218594179654e+01
2.946788218594179654e+01
2.946788218594179654e+01
2.940821025659507271e+01
2.940821025659507271e+01
2.940821025659507271e+01
2.940821025659507271e+01
2.940821025659507271e+01
2.940821025659507271e+01
2.940821025659507271e+01
2.940821025659507271e+01
2.962059871952787660e+01
2.962059871952787660e+01
2.952214584957240007e+01
2.958520163034878081e+01
2.953163782153237449e+01
2.953163782153237449e+01
2.953163782153237449e+01
2.953163782153237449e+01
2.953163782153237449e+01
2.964887830210206943e+01
2.964887830210206943e+01
2.964887830210206943e+01
2.946354379301105197e+01
2.943817531009898048e+01
2.943817531009898048e+01
2.922678160043914275e+01
2.922678160043914275e+01
2.922678160043914275e+01
2.922678160043914275e+01
2.922678160043914275e+01
2.922678160043914275e+01
2.929052927754166546e+01
2.909904875178405703e+01
2.921582440660943902e+01
2.940333383138736068e+01
2.940333383138736068e+01
2.928766946169631780e+01
2.928766946169631780e+01
2.932105743565346145e+01
2.932105743565346145e+01
2.938247811082939620e+01
2.938247811082939620e+01
2.938247811082939620e+01
2.938247811082939620e+01
2.944560885159038932e+01
2.944560885159038932e+01
2.944560885159038932e+01
2.944560885159038932e+01
2.944560885159038932e+01
2.944560885159038932e+01
2.944560885159038932e+01
2.923043225300211390e+01
2.920659060652763372e+01
2.920659060652763372e+01
2.920659060652763372e+01
2.920659060652763372e+01
2.922460334854046238e+01
2.922460334854046238e+01
2.912162402772218428e+01
2.912162402772218428e+01
2.912162402772218428e+01
2.901664187064657696e+01
2.901664187064657696e+01
2.901664187064657696e+01
2.907382085348558931e+01
2.907382085348558931e+01
2.907382085348558931e+01
2.907382085348558931e+01
2.907382085348558931e+01
2.907382085348558931e+01
2.903492929563980951e+01
2.903492929563980951e+01
2.903492929563980951e+01
2.903492929563980951e+01
2.903492929563980951e+01
2.903492929563980951e+01
2.903492929563980951e+01
2.903492929563980951e+01
2.903492929563980951e+01
2.903492929563980951e+01
2.903492929563980951e+01
2.903492929563980951e+01
2.903492929563980951e+01
2.897903567608130970e+01
2.897903567608130970e+01
2.887203066666692663e+01
2.879299880049820359e+01
2.879299880049820359e+01
2.879299880049820359e+01
2.879299880049820359e+01
2.879299880049820359e+01
2.879299880049820359e+01
2.879299880049820359e+01
2.879299880049820359e+01
2.879299880049820359e+01
2.879299880049820359e+01
2.879299880049820359e+01
2.879299880049820359e+01
2.879299880049820359e+01
2.873969045662168753e+01
2.873969045662168753e+01
2.862577081251030364e+01
2.864584209571278706e+01
2.864584209571278706e+01
2.864584209571278706e+01
2.864584209571278706e+01
2.864584209571278706e+01
2.864584209571278706e+01
2.874411960680499334e+01
2.874411960680499334e+01
2.874411960680499334e+01
2.873907491393772062e+01
2.873907491393772062e+01
2.873907491393772062e+01
2.873907491393772062e+01
2.881510659908816763e+01
2.881510659908816763e+01
2.881510659908816763e+01
2.881510659908816763e+01
2.881510659908816763e+01
2.881510659908816763e+01
2.899036359577692323e+01
2.899036359577692323e+01
2.896785604795217139e+01
2.891678035501096389e+01
2.891678035501096389e+01
2.876271650872778451e+01
2.876271650872778451e+01
2.876271650872778451e+01
2.876271650872778451e+01
2.876271650872778451e+01
2.879769770282412722e+01
2.879769770282412722e+01
2.879769770282412722e+01
2.861952381758758435e+01
2.861952381758758435e+01
2.861952381758758435e+01
2.863883845238837367e+01
2.881058023287290126e+01
2.881058023287290126e+01
2.881058023287290126e+01
2.881058023287290126e+01
2.881058023287290126e+01
2.857726373673936848e+01
2.857726373673936848e+01
2.857726373673936848e+01
2.857726373673936848e+01
2.857726373673936848e+01
2.857726373673936848e+01
2.857726373673936848e+01
2.850148374775068305e+01
2.850148374775068305e+01
2.844575173280780334e+01
2.844575173280780334e+01
2.844575173280780334e+01
2.844575173280780334e+01
2.844575173280780334e+01
2.853671938447686429e+01
2.853671938447686429e+01
2.853671938447686429e+01
2.853671938447686429e+01
2.853671938447686429e+01
2.853671938447686429e+01
2.853671938447686429e+01
2.853671938447686429e+01
2.853671938447686429e+01
2.861997892812816602e+01
2.871044962635866682e+01
2.882829568472387649e+01
2.882829568472387649e+01
2.882829568472387649e+01
2.893701822814973212e+01
2.901832304812521102e+01
2.901832304812521102e+01
2.901832304812521102e+01
2.901832304812521102e+01
2.901832304812521102e+01
2.901832304812521102e+01
2.901832304812521102e+01
2.901832304812521102e+01
2.901832304812521102e+01
2.901832304812521102e+01
2.901832304812521102e+01
2.907163884112708985e+01
2.907163884112708985e+01
2.907163884112708985e+01
2.907163884112708985e+01
2.907163884112708985e+01
2.907163884112708985e+01
2.907163884112708985e+01
2.907163884112708985e+01
2.907163884112708985e+01
2.907163884112708985e+01
2.907163884112708985e+01
2.907163884112708985e+01
2.907163884112708985e+01
2.907163884112708985e+01
2.907163884112708985e+01
2.912390558564915821e+01
2.912390558564915821e+01
2.912390558564915821e+01
2.912390558564915821e+01
2.926773570227640420e+01
2.923692677749444968e+01
2.923692677749444968e+01
2.923692677749444968e+01
2.923692677749444968e+01
2.923692677749444968e+01
2.923692677749444968e+01
2.923692677749444968e+01
2.923692677749444968e+01
2.923692677749444968e+01
2.923692677749444968e+01
2.923692677749444968e+01
2.923027977612643369e+01
2.927315508020631896e+01
2.935656652699728042e+01
2.935656652699728042e+01
2.935656652699728042e+01
2.935656652699728042e+01
2.950225914550011908e+01
2.943015679972085152e+01
2.943015679972085152e+01
2.943015679972085152e+01
2.943015679972085152e+01
2.943015679972085152e+01
2.943015679972085152e+01
2.943015679972085152e+01
2.943015679972085152e+01
2.943015679972085152e+01
2.943015679972085152e+01
2.943015679972085152e+01
2.943015679972085152e+01
2.952312062486457478e+01
2.950737752534824665e+01
2.950737752534824665e+01
2.951898082895732500e+01
2.965945237118384981e+01
2.965945237118384981e+01
2.972148852117782525e+01
2.972148852117782525e+01
2.973386422704903254e+01
2.973386422704903254e+01
2.973386422704903254e+01
2.974674932128820970e+01
2.974674932128820970e+01
2.974674932128820970e+01
2.974674932128820970e+01
2.974674932128820970e+01
2.974674932128820970e+01
2.974674932128820970e+01
2.975571616939577524e+01
2.975571616939577524e+01
2.975571616939577524e+01
2.971896689522261781e+01
2.970910773766744484e+01
2.970910773766744484e+01
2.970910773766744484e+01
2.970910773766744484e+01
2.972372913043630760e+01
2.972372913043630760e+01
2.971124307662851294e+01
2.953482109659823251e+01
2.953482109659823251e+01
2.953482109659823251e+01
2.953482109659823251e+01
2.953482109659823251e+01
2.953482109659823251e+01
2.953482109659823251e+01
2.953482109659823251e+01
2.953482109659823251e+01
2.953482109659823251e+01
2.953482109659823251e+01
2.953482109659823251e+01
2.953482109659823251e+01
2.962873163403353516e+01
2.962873163403353516e+01
2.970408131458118106e+01
2.970408131458118106e+01
2.970408131458118106e+01
2.970408131458118106e+01
2.970408131458118106e+01
2.970408131458118106e+01
2.968634248874856141e+01
2.968634248874856141e+01
2.957055784543539545e+01
2.957055784543539545e+01
2.957055784543539545e+01
2.936915442113441443e+01
2.937742093220745687e+01
2.950424864945702907e+01
2.943006982880829270e+01
2.943006982880829270e+01
2.943006982880829270e+01
2.943006982880829270e+01
2.943006982880829270e+01
2.943006982880829270e+01
2.943006982880829270e+01
2.943339152192918817e+01
2.943339152192918817e+01
2.943339152192918817e+01
2.929437146093840028e+01
2.944049454951326794e+01
2.944049454951326794e+01
2.937582023969456202e+01
2.944148641862558335e+01
2.941156964026281528e+01
2.941156964026281528e+01
2.941156964026281528e+01
2.929245641496354224e+01
2.929245641496354224e+01
2.929245641496354224e+01
2.921026967021117215e+01
2.921026967021117215e+01
2.921026967021117215e+01
2.921026967021117215e+01
2.921026967021117215e+01
2.937111328121317655e+01
2.936178296801175946e+01
2.936178296801175946e+01
2.938398333893492520e+01
2.938398333893492520e+01
2.938398333893492520e+01
2.938398333893492520e+01
2.938398333893492520e+01
2.944873789522996788e+01
2.944873789522996788e+01
2.944873789522996788e+01
2.940402274344384992e+01
2.940402274344384992e+01
2.940402274344384992e+01
2.938854039329358159e+01
2.927151102657637338e+01
2.927151102657637338e+01
2.932303150624848698e+01
2.932303150624848698e+01
2.932303150624848698e+01
2.932303150624848698e+01
2.927689468719350074e+01
2.927689468719350074e+01
2.911900604326905651e+01
2.911900604326905651e+01
2.911900604326905651e+01
2.911900604326905651e+01
2.911900604326905651e+01
2.911900604326905651e+01
2.911900604326905651e+01
2.911900604326905651e+01
2.911900604326905651e+01
2.911900604326905651e+01
2.896757982320262315e+01
2.913428756059590441e+01
2.918526740880871628e+01
2.918526740880871628e+01
2.918526740880871628e+01
2.918526740880871628e+01
2.918526740880871628e+01
2.918526740880871628e+01
2.918526740880871628e+01
2.918174746218819138e+01
2.930648755843934694e+01
2.930648755843934694e+01
2.930648755843934694e+01
2.930648755843934694e+01
2.930648755843934694e+01
2.937895306384572436e+01
2.937895306384572436e+01
2.937895306384572436e+01
2.937895306384572436e+01
2.937895306384572436e+01
2.920664657471417769e+01
2.920664657471417769e+01
2.920061273553295322e+01
2.920061273553295322e+01
2.920061273553295322e+01
2.893027406011159286e+01
2.883412680072554224e+01
2.868975616363583114e+01
2.868975616363583114e+01
2.868975616363583114e+01
2.868975616363583114e+01
2.868975616363583114e+01
2.868975616363583114e+01
2.868975616363583114e+01
2.868975616363583114e+01
2.868975616363583114e+01
2.868975616363583114e+01
2.868975616363583114e+01
2.868975616363583114e+01
2.868975616363583114e+01
2.868975616363583114e+01
2.868975616363583114e+01
2.868975616363583114e+01
2.868975616363583114e+01
2.868975616363583114e+01
2.868975616363583114e+01
2.868975616363583114e+01
2.868975616363583114e+01
2.868975616363583114e+01
2.868975616363583114e+01
2.866036257320179814e+01
2.876668405787321703e+01
2.876668405787321703e+01
2.876668405787321703e+01
2.876668405787321703e+01
2.876668405787321703e+01
2.876668405787321703e+01
2.883668591474071619e+01
2.882534675918084588e+01
2.884463324219519009e+01
2.884463324219519009e+01
2.884463324219519009e+01
2.884463324219519009e+01
2.892468509575408930e+01
2.892468509575408930e+01
2.892468509575408930e+01
2.892468509575408930e+01
2.892468509575408930e+01
2.892468509575408930e+01
2.892468509575408930e+01
2.892468509575408930e+01
2.892468509575408930e+01
2.892468509575408930e+01
2.892468509575408930e+01
2.892468509575408930e+01
2.904114025699091073e+01
2.904114025699091073e+01
2.904114025699091073e+01
2.904114025699091073e+01
2.904114025699091073e+01
2.904114025699091073e+01
2.904114025699091073e+01
2.904114025699091073e+01
2.900374643861589163e+01
2.907361537219745884e+01
2.900498699786734846e+01
2.880610564356709702e+01
2.880610564356709702e+01
