-8.145870668542096610e+03
-9.022537285571432221e+03
-2.587204085418077739e+03
-1.743011621789696846e+03
-1.743011621789696846e+03
-1.509360457159156567e+03
-7.837420529150153925e+02
-7.837420529150153925e+02
-7.837420529150153925e+02
-7.837420529150153925e+02
-7.837420529150153925e+02
-7.837420529150153925e+02
-7.837420529150153925e+02
-2.501627290649105817e+03
-9.473794781598609234e+02
-9.473794781598609234e+02
-9.473794781598609234e+02
-9.473794781598609234e+02
-9.473794781598609234e+02
-9.473794781598609234e+02
-9.473794781598609234e+02
-1.883763546461651231e+03
-1.883763546461651231e+03
-1.669865809793060862e+03
-1.669865809793060862e+03
-1.316296465568542317e+03
-1.316296465568542317e+03
-1.025722920156548753e+03
-1.025722920156548753e+03
-1.025722920156548753e+03
-1.025722920156548753e+03
-1.025722920156548753e+03
-1.025722920156548753e+03
-9.962805546377376231e+02
-2.263149288832734783e+03
-7.188020928243938670e+02
-6.879881182333045899e+02
-6.879881182333045899e+02
-6.879881182333045899e+02
-6.879881182333045899e+02
-1.098049895761900871e+03
-1.240383330109470080e+03
-1.240383330109470080e+03
-1.240383330109470080e+03
-1.928357127915219280e+03
-1.074801926330317656e+03
-1.074801926330317656e+03
-1.074801926330317656e+03
-1.704836250263668944e+03
-2.101399752461009484e+03
-3.043192807619566338e+03
-1.550532963087583767e+03
-1.550532963087583767e+03
-1.550532963087583767e+03
-1.258667427294405343e+03
-7.520830051437795873e+02
-7.520830051437795873e+02
-7.520830051437795873e+02
-7.520830051437795873e+02
-8.847901924488679697e+02
-8.847901924488679697e+02
-8.847901924488679697e+02
-8.847901924488679697e+02
-8.847901924488679697e+02
-8.847901924488679697e+02
-7.460184886490186500e+02
-7.460184886490186500e+02
-7.460184886490186500e+02
-1.034160618601560373e+03
-1.034160618601560373e+03
-2.024813354010581179e+03
-1.653539852928083747e+03
-1.653539852928083747e+03
-1.653539852928083747e+03
-1.040122730950951791e+03
-1.040122730950951791e+03
-1.040122730950951791e+03
-1.040122730950951791e+03
-7.112447118472433658e+02
-7.112447118472433658e+02
-7.112447118472433658e+02
-7.112447118472433658e+02
-7.112447118472433658e+02
-1.240162296926876024e+03
-1.240162296926876024e+03
-8.994118413633834734e+02
-8.994118413633834734e+02
-8.994118413633834734e+02
-8.994118413633834734e+02
-7.113588597647805045e+02
-1.230678569608705857e+03
-1.021691832153160249e+03
-7.108553312571477818e+02
-8.004549618574999386e+02
-6.418607785597653219e+02
-6.418607785597653219e+02
-1.441002963563429148e+03
-1.441002963563429148e+03
-1.441002963563429148e+03
-1.441002963563429148e+03
-6.339707829499200216e+02
-6.339707829499200216e+02
-6.339707829499200216e+02
-6.339707829499200216e+02
-6.339707829499200216e+02
-6.339707829499200216e+02
-6.339707829499200216e+02
-6.339707829499200216e+02
-6.339707829499200216e+02
-9.206774759815843936e+02
-8.065068789410688623e+02
-8.065068789410688623e+02
-1.036698006084741337e+03
-1.036698006084741337e+03
-8.989230252995273531e+02
-8.989230252995273531e+02
-8.989230252995273531e+02
-8.989230252995273531e+02
-7.229219850905841440e+02
-7.229219850905841440e+02
-6.706216786426385852e+02
-6.706216786426385852e+02
-1.467903450772170345e+03
-7.574342905006240017e+02
-7.574342905006240017e+02
-7.487640488130589347e+02
-6.771984536319483823e+02
-6.771984536319483823e+02
-6.771984536319483823e+02
-6.771984536319483823e+02
-6.771984536319483823e+02
-6.771984536319483823e+02
-6.771984536319483823e+02
-6.771984536319483823e+02
-6.771984536319483823e+02
-6.771984536319483823e+02
-7.583044885752445907e+02
-2.911692039272822058e+03
-1.351764218305456552e+03
-1.351764218305456552e+03
-1.351764218305456552e+03
-1.351764218305456552e+03
-1.017149269107114606e+03
-1.017149269107114606e+03
-7.784782224423129264e+02
-8.419225556310404954e+02
-8.198633952983650488e+02
-8.126158009666121416e+02
-8.126158009666121416e+02
-8.126158009666121416e+02
-8.126158009666121416e+02
-9.562563129735348184e+02
-9.562563129735348184e+02
-9.562563129735348184e+02
-9.562563129735348184e+02
-9.562563129735348184e+02
-9.562563129735348184e+02
-9.562563129735348184e+02
-7.798805356507882607e+02
-7.798805356507882607e+02
-7.798805356507882607e+02
-7.684224236407383160e+02
-7.684224236407383160e+02
-9.324147582025925658e+02
-9.324147582025925658e+02
-9.324147582025925658e+02
-1.609860809673412632e+03
-1.609860809673412632e+03
-1.609860809673412632e+03
-1.609860809673412632e+03
-1.609860809673412632e+03
-1.492834690971254759e+03
-1.492834690971254759e+03
-1.492834690971254759e+03
-1.492834690971254759e+03
-1.492834690971254759e+03
-1.492834690971254759e+03
-1.492834690971254759e+03
-6.385604904347641195e+02
-6.383899378675153002e+02
-6.383899378675153002e+02
-1.365537424154420023e+03
-1.365537424154420023e+03
-1.365537424154420023e+03
-9.527583976626692674e+02
-9.527583976626692674e+02
-9.527583976626692674e+02
-9.527583976626692674e+02
-9.527583976626692674e+02
-9.527583976626692674e+02
-9.527583976626692674e+02
-8.890585776926992594e+02
-8.890585776926992594e+02
-8.890585776926992594e+02
-2.771624363628850460e+03
-4.920206974444668958e+03
-4.920206974444668958e+03
-2.354708987528960733e+03
-1.397483337331484336e+03
-1.058632603493972965e+03
-1.879759560147133016e+03
-2.445553800845540536e+03
-3.448258260537330443e+03
-5.175441373343666783e+03
-4.573104732594903908e+03
-3.960597023848629760e+03
-3.960597023848629760e+03
-6.836814225930357679e+03
-6.836814225930357679e+03
-3.321666793504181442e+03
-3.816183081030049379e+03
-3.598014648279907306e+03
-4.637762637694937439e+03
-3.274231843454311729e+03
-3.051713532418835257e+03
-3.219725608338470010e+03
-2.496098331337609579e+03
-2.496098331337609579e+03
-2.496098331337609579e+03
-2.496098331337609579e+03
-3.991712145632326155e+03
-1.848126201340762918e+03
-1.936980744356097603e+03
-1.767595195155280635e+03
-1.553863415915325959e+03
-1.247617095074085910e+03
-1.247617095074085910e+03
-1.247617095074085910e+03
-1.247617095074085910e+03
-1.366531667294047338e+03
-1.366531667294047338e+03
-1.366531667294047338e+03
-8.051266597851387132e+02
-7.606082405636624344e+02
-7.606082405636624344e+02
-7.606082405636624344e+02
-7.606082405636624344e+02
-7.606082405636624344e+02
-1.160093514326155855e+03
-1.160093514326155855e+03
-1.160093514326155855e+03
-1.160093514326155855e+03
-1.160093514326155855e+03
-6.791238156142534308e+02
-6.791238156142534308e+02
-6.791238156142534308e+02
-8.041360729070096340e+02
-8.041360729070096340e+02
-8.041360729070096340e+02
-8.041360729070096340e+02
-8.041360729070096340e+02
-1.278783070554654159e+03
-7.602302464828248958e+02
-5.414075104382594645e+02
-5.414075104382594645e+02
-5.414075104382594645e+02
-5.414075104382594645e+02
-5.414075104382594645e+02
-5.414075104382594645e+02
-8.801747586507663073e+02
-4.786700637283272499e+02
-4.786700637283272499e+02
-4.786700637283272499e+02
-4.786700637283272499e+02
-4.786700637283272499e+02
-1.062274814443310106e+03
-1.062274814443310106e+03
-4.752326210174213088e+02
-5.177973090318452023e+02
-5.177973090318452023e+02
-5.177973090318452023e+02
-5.177973090318452023e+02
-5.177973090318452023e+02
-5.177973090318452023e+02
-5.177973090318452023e+02
-5.177973090318452023e+02
-6.106740044093261304e+02
-5.772906757692400106e+02
-5.772906757692400106e+02
-5.772906757692400106e+02
-5.772906757692400106e+02
-5.772906757692400106e+02
-7.389355789070644960e+02
-7.389355789070644960e+02
-7.389355789070644960e+02
-7.389355789070644960e+02
-6.008294435086313570e+02
-4.710058777246283057e+02
-4.710058777246283057e+02
-4.710058777246283057e+02
-4.710058777246283057e+02
-4.710058777246283057e+02
-6.806487721789382022e+02
-5.896404070215506863e+02
-5.896404070215506863e+02
-5.896404070215506863e+02
-5.896404070215506863e+02
-5.896404070215506863e+02
-5.896404070215506863e+02
-1.124704786824509029e+03
-1.124704786824509029e+03
-1.380301239770486063e+03
-1.380301239770486063e+03
-1.380301239770486063e+03
-1.380301239770486063e+03
-1.380301239770486063e+03
-7.544195602058387067e+02
-7.544195602058387067e+02
-7.544195602058387067e+02
-9.592536783895264989e+02
-9.592536783895264989e+02
-1.318382331404246543e+03
-9.512710985766997283e+02
-9.512710985766997283e+02
-5.878557134077460660e+02
-5.878557134077460660e+02
-5.690949074267039123e+02
-1.177424352403202192e+03
-1.177424352403202192e+03
-1.177424352403202192e+03
-1.177424352403202192e+03
-1.177424352403202192e+03
-4.839470331637947993e+02
-3.790559122391645701e+02
-3.790559122391645701e+02
-3.790559122391645701e+02
-3.790559122391645701e+02
-3.790559122391645701e+02
-3.790559122391645701e+02
-3.790559122391645701e+02
-3.790559122391645701e+02
-3.790559122391645701e+02
-3.790559122391645701e+02
-3.790559122391645701e+02
-3.790559122391645701e+02
-3.790559122391645701e+02
-3.790559122391645701e+02
-3.790559122391645701e+02
-3.790559122391645701e+02
-3.790559122391645701e+02
-3.790559122391645701e+02
-3.790559122391645701e+02
-3.790559122391645701e+02
-1.132991920415399818e+03
-6.922771885828099130e+02
-6.922771885828099130e+02
-4.139209269058058567e+02
-4.139209269058058567e+02
-4.139209269058058567e+02
-4.139209269058058567e+02
-4.139209269058058567e+02
-4.139209269058058567e+02
-4.139209269058058567e+02
-3.958830619997211215e+02
-3.958830619997211215e+02
-3.958830619997211215e+02
-3.958830619997211215e+02
-3.958830619997211215e+02
-3.958830619997211215e+02
-3.958830619997211215e+02
-3.958830619997211215e+02
-3.958830619997211215e+02
-3.958830619997211215e+02
-3.941210880943572192e+02
-3.941210880943572192e+02
-3.941210880943572192e+02
-3.941210880943572192e+02
-3.941210880943572192e+02
-3.941210880943572192e+02
-4.738537904454250906e+02
-4.738537904454250906e+02
-4.738537904454250906e+02
-9.035886828876371055e+02
-9.035886828876371055e+02
-9.901250684488303477e+02
-9.901250684488303477e+02
-9.901250684488303477e+02
-9.900075555437907724e+02
-9.900075555437907724e+02
-5.586872036272799278e+02
-5.586872036272799278e+02
-5.586872036272799278e+02
-5.586872036272799278e+02
-5.586872036272799278e+02
-9.995356598587576400e+02
-9.995356598587576400e+02
-8.960675772774392271e+02
-6.447116743542886752e+02
-6.447116743542886752e+02
-5.962437802874037516e+02
-5.962437802874037516e+02
-5.962437802874037516e+02
-5.962437802874037516e+02
-5.962437802874037516e+02
-5.760530284306819340e+02
-5.760530284306819340e+02
-5.760530284306819340e+02
-5.760530284306819340e+02
-5.760530284306819340e+02
-5.760530284306819340e+02
-5.760530284306819340e+02
-5.760530284306819340e+02
-5.760530284306819340e+02
-5.760530284306819340e+02
-5.158591491579526291e+02
-5.158591491579526291e+02
-6.174365491235237187e+02
-6.174365491235237187e+02
-6.174365491235237187e+02
-6.174365491235237187e+02
-6.174365491235237187e+02
-6.174365491235237187e+02
-6.174365491235237187e+02
-6.174365491235237187e+02
-6.174365491235237187e+02
-6.174365491235237187e+02
-6.174365491235237187e+02
-6.174365491235237187e+02
-6.174365491235237187e+02
-6.174365491235237187e+02
-6.499452451212390542e+02
-6.499452451212390542e+02
-6.499452451212390542e+02
-5.802317892093108185e+02
-5.802317892093108185e+02
-4.522131440580567983e+02
-4.522131440580567983e+02
-4.522131440580567983e+02
-4.522131440580567983e+02
-4.522131440580567983e+02
-4.522131440580567983e+02
-4.522131440580567983e+02
-4.522131440580567983e+02
-4.413168252387714574e+02
-4.413168252387714574e+02
-5.791137877707476491e+02
-5.791137877707476491e+02
-7.166616763126660317e+02
-1.241961894232711529e+03
-1.241961894232711529e+03
-1.241961894232711529e+03
-1.241961894232711529e+03
-5.291907712009107172e+02
-5.291907712009107172e+02
-5.291907712009107172e+02
-4.552019712823499731e+02
-4.552019712823499731e+02
-4.931936956988486713e+02
-5.647718955932264180e+02
-4.658338470935965461e+02
-4.658338470935965461e+02
-4.658338470935965461e+02
-4.658338470935965461e+02
-1.567077451738178752e+03
-9.737882171235893338e+02
-9.737882171235893338e+02
-9.737882171235893338e+02
-1.001778918451597860e+03
-1.001778918451597860e+03
-1.286950720430372257e+03
-1.286950720430372257e+03
-2.382785334257682734e+03
-2.382785334257682734e+03
-2.382785334257682734e+03
-2.295741605278279167e+03
-2.022343791490208332e+03
-4.298336565886250355e+03
-4.051629642443641387e+03
-6.256579236697272790e+03
-2.361457445759359871e+03
-1.263564730792505088e+03
-1.263564730792505088e+03
-1.263564730792505088e+03
-1.263564730792505088e+03
-1.263564730792505088e+03
-1.263564730792505088e+03
-1.702514424615583039e+03
-7.837743331752660652e+02
-5.173968581213523521e+02
-5.173968581213523521e+02
-5.173968581213523521e+02
-5.173968581213523521e+02
-6.196984871588354054e+02
-6.196984871588354054e+02
-6.196984871588354054e+02
-9.344119984906702712e+02
-8.957668281251346798e+02
-8.957668281251346798e+02
-7.297956134300682152e+02
-5.722897840725636343e+02
-5.722897840725636343e+02
-5.722897840725636343e+02
-5.722897840725636343e+02
-5.722897840725636343e+02
-8.276621023562212258e+02
-8.276621023562212258e+02
-5.382385463000670143e+02
-5.382385463000670143e+02
-5.382385463000670143e+02
-5.382385463000670143e+02
-5.382385463000670143e+02
-5.382385463000670143e+02
-4.985443439574097511e+02
-4.985443439574097511e+02
-6.282151283206651442e+02
-4.479096838165366989e+02
-4.479096838165366989e+02
-4.479096838165366989e+02
-5.757335854475214774e+02
-5.757335854475214774e+02
-5.757335854475214774e+02
-5.757335854475214774e+02
-5.757335854475214774e+02
-5.757335854475214774e+02
-5.132455149128483072e+02
-4.775566520474363301e+02
-4.775566520474363301e+02
-4.775566520474363301e+02
-4.775566520474363301e+02
-4.775566520474363301e+02
-4.775566520474363301e+02
-4.775566520474363301e+02
-6.756301180911481197e+02
-6.756301180911481197e+02
-6.756301180911481197e+02
-6.756301180911481197e+02
-6.274938113245850673e+02
-6.274938113245850673e+02
-6.274938113245850673e+02
-6.274938113245850673e+02
-6.274938113245850673e+02
-5.165587105331164821e+02
-3.891394433038331613e+02
-3.891394433038331613e+02
-3.891394433038331613e+02
-3.891394433038331613e+02
-6.817570349448657225e+02
-6.773592484112622287e+02
-6.773592484112622287e+02
-6.773592484112622287e+02
-6.773592484112622287e+02
-6.773592484112622287e+02
-3.827502788073554143e+02
-3.827502788073554143e+02
-3.827502788073554143e+02
-3.827502788073554143e+02
-3.827502788073554143e+02
-3.827502788073554143e+02
-3.827502788073554143e+02
-3.827502788073554143e+02
-3.827502788073554143e+02
-3.827502788073554143e+02
-3.827502788073554143e+02
-3.827502788073554143e+02
-3.827502788073554143e+02
-3.827502788073554143e+02
-3.827502788073554143e+02
-3.827502788073554143e+02
-3.926314844941512092e+02
-3.926314844941512092e+02
-3.926314844941512092e+02
-5.545850550964294143e+02
-5.545850550964294143e+02
-5.545850550964294143e+02
-5.545850550964294143e+02
-7.380803647767929760e+02
-7.380803647767929760e+02
-7.380803647767929760e+02
-7.380803647767929760e+02
-7.380803647767929760e+02
-7.380803647767929760e+02
-7.380803647767929760e+02
-7.380803647767929760e+02
-4.194499071822273777e+02
-4.194499071822273777e+02
-5.650276099616420424e+02
-1.664690487699820096e+03
-5.500906658164383316e+02
-5.500906658164383316e+02
-5.500906658164383316e+02
-5.500906658164383316e+02
-5.500906658164383316e+02
-1.307223448891738371e+03
-1.307223448891738371e+03
-1.307223448891738371e+03
-9.448628449266077496e+02
-4.753367694442261495e+02
-4.753367694442261495e+02
-3.528141180824304115e+02
-3.528141180824304115e+02
-3.528141180824304115e+02
-3.528141180824304115e+02
-3.528141180824304115e+02
-3.528141180824304115e+02
-4.833343007674110368e+02
-7.018548332209051068e+02
-5.384769409668078879e+02
-4.324818445560945293e+02
-4.324818445560945293e+02
-9.728765560621536679e+02
-9.728765560621536679e+02
-6.422367546720602149e+02
-6.422367546720602149e+02
-4.756601104957890129e+02
-4.756601104957890129e+02
-4.756601104957890129e+02
-4.756601104957890129e+02
-6.454655209437321446e+02
-6.454655209437321446e+02
-6.454655209437321446e+02
-6.454655209437321446e+02
-6.454655209437321446e+02
-6.454655209437321446e+02
-6.454655209437321446e+02
-4.807156796569464632e+02
-5.399348509558495834e+02
-5.399348509558495834e+02
-5.399348509558495834e+02
-5.399348509558495834e+02
-5.492050806509994345e+02
-5.492050806509994345e+02
-4.279719669106934816e+02
-4.279719669106934816e+02
-4.279719669106934816e+02
-3.563792952438811881e+02
-3.563792952438811881e+02
-3.563792952438811881e+02
-6.403539317117899827e+02
-6.403539317117899827e+02
-6.403539317117899827e+02
-6.403539317117899827e+02
-6.403539317117899827e+02
-6.403539317117899827e+02
-5.450262738718475930e+02
-5.450262738718475930e+02
-5.450262738718475930e+02
-5.450262738718475930e+02
-5.450262738718475930e+02
-5.450262738718475930e+02
-5.450262738718475930e+02
-5.450262738718475930e+02
-5.450262738718475930e+02
-5.450262738718475930e+02
-5.450262738718475930e+02
-5.450262738718475930e+02
-5.450262738718475930e+02
-5.323364670810018424e+02
-5.323364670810018424e+02
-4.468386480723302725e+02
-4.202384488132510114e+02
-4.202384488132510114e+02
-4.202384488132510114e+02
-4.202384488132510114e+02
-4.202384488132510114e+02
-4.202384488132510114e+02
-4.202384488132510114e+02
-4.202384488132510114e+02
-4.202384488132510114e+02
-4.202384488132510114e+02
-4.202384488132510114e+02
-4.202384488132510114e+02
-4.202384488132510114e+02
-7.946817670794297328e+02
-7.946817670794297328e+02
-5.650344052973497355e+02
-6.103005220914288884e+02
-6.103005220914288884e+02
-6.103005220914288884e+02
-6.103005220914288884e+02
-6.103005220914288884e+02
-6.103005220914288884e+02
-7.339493647857480028e+02
-7.339493647857480028e+02
-7.339493647857480028e+02
-7.323871889793534820e+02
-7.323871889793534820e+02
-7.323871889793534820e+02
-7.323871889793534820e+02
-5.362185714915201515e+02
-5.362185714915201515e+02
-5.362185714915201515e+02
-5.362185714915201515e+02
-5.362185714915201515e+02
-5.362185714915201515e+02
-1.021839101607315001e+03
-1.021839101607315001e+03
-1.352441124978831112e+03
-1.108451489269814374e+03
-1.108451489269814374e+03
-4.874363532108956178e+02
-4.874363532108956178e+02
-4.874363532108956178e+02
-4.874363532108956178e+02
-4.874363532108956178e+02
-5.829916366352979367e+02
-5.829916366352979367e+02
-5.829916366352979367e+02
-4.306559513394241208e+02
-4.306559513394241208e+02
-4.306559513394241208e+02
-3.705414091797374567e+02
-6.202211893111160634e+02
-6.202211893111160634e+02
-6.202211893111160634e+02
-6.202211893111160634e+02
-6.202211893111160634e+02
-4.229980253386113986e+02
-4.229980253386113986e+02
-4.229980253386113986e+02
-4.229980253386113986e+02
-4.229980253386113986e+02
-4.229980253386113986e+02
-4.229980253386113986e+02
-3.772778971174544722e+02
-3.772778971174544722e+02
-7.999851503785471323e+02
-7.999851503785471323e+02
-7.999851503785471323e+02
-7.999851503785471323e+02
-7.999851503785471323e+02
-5.785115000502704561e+02
-5.785115000502704561e+02
-5.785115000502704561e+02
-5.785115000502704561e+02
-5.785115000502704561e+02
-5.785115000502704561e+02
-5.785115000502704561e+02
-5.785115000502704561e+02
-5.785115000502704561e+02
-4.872111388820119942e+02
-3.487612080416941467e+02
-3.344667503740574261e+02
-3.344667503740574261e+02
-3.344667503740574261e+02
-4.904763120629734203e+02
-3.381483870157171054e+02
-3.381483870157171054e+02
-3.381483870157171054e+02
-3.381483870157171054e+02
-3.381483870157171054e+02
-3.381483870157171054e+02
-3.381483870157171054e+02
-3.381483870157171054e+02
-3.381483870157171054e+02
-3.381483870157171054e+02
-3.381483870157171054e+02
-3.557862560445444160e+02
-3.557862560445444160e+02
-3.557862560445444160e+02
-3.557862560445444160e+02
-3.557862560445444160e+02
-3.557862560445444160e+02
-3.557862560445444160e+02
-3.557862560445444160e+02
-3.557862560445444160e+02
-3.557862560445444160e+02
-3.557862560445444160e+02
-3.557862560445444160e+02
-3.557862560445444160e+02
-3.557862560445444160e+02
-3.557862560445444160e+02
-4.652622489064643787e+02
-4.652622489064643787e+02
-4.652622489064643787e+02
-4.652622489064643787e+02
-3.764915167844970370e+02
-3.479072416517370243e+02
-3.479072416517370243e+02
-3.479072416517370243e+02
-3.479072416517370243e+02
-3.479072416517370243e+02
-3.479072416517370243e+02
-3.479072416517370243e+02
-3.479072416517370243e+02
-3.479072416517370243e+02
-3.479072416517370243e+02
-3.479072416517370243e+02
-3.503587881182282899e+02
-6.990372790871088000e+02
-6.313002223404255346e+02
-6.313002223404255346e+02
-6.313002223404255346e+02
-6.313002223404255346e+02
-4.419703314670702525e+02
-3.874688984050982867e+02
-3.874688984050982867e+02
-3.874688984050982867e+02
-3.874688984050982867e+02
-3.874688984050982867e+02
-3.874688984050982867e+02
-3.874688984050982867e+02
-3.874688984050982867e+02
-3.874688984050982867e+02
-3.874688984050982867e+02
-3.874688984050982867e+02
-3.874688984050982867e+02
-6.163860668638940297e+02
-5.062794409204417434e+02
-5.062794409204417434e+02
-6.477908873047164207e+02
-5.407514061648510051e+02
-5.407514061648510051e+02
-5.228724836918748906e+02
-5.228724836918748906e+02
-5.452902836134442168e+02
-5.452902836134442168e+02
-5.452902836134442168e+02
-4.716578015103883104e+02
-4.716578015103883104e+02
-4.716578015103883104e+02
-4.716578015103883104e+02
-4.716578015103883104e+02
-4.716578015103883104e+02
-4.716578015103883104e+02
-7.147627741138179545e+02
-7.147627741138179545e+02
-7.147627741138179545e+02
-1.080263067237493942e+03
-8.444196702991029042e+02
-8.444196702991029042e+02
-8.444196702991029042e+02
-8.444196702991029042e+02
-5.942967360665670640e+02
-5.942967360665670640e+02
-4.760620464528588514e+02
-4.139310805350181113e+02
-4.139310805350181113e+02
-4.139310805350181113e+02
-4.139310805350181113e+02
-4.139310805350181113e+02
-4.139310805350181113e+02
-4.139310805350181113e+02
-4.139310805350181113e+02
-4.139310805350181113e+02
-4.139310805350181113e+02
-4.139310805350181113e+02
-4.139310805350181113e+02
-4.139310805350181113e+02
-6.108544688405196439e+02
-6.108544688405196439e+02
-4.415349890632568304e+02
-4.415349890632568304e+02
-4.415349890632568304e+02
-4.415349890632568304e+02
-4.415349890632568304e+02
-4.415349890632568304e+02
-6.615581134193308799e+02
-6.615581134193308799e+02
-1.126704050398799609e+03
-1.126704050398799609e+03
-1.126704050398799609e+03
-1.767008072911045247e+03
-8.923982884598292458e+02
-6.905308468308631973e+02
-6.286858276965025425e+02
-6.286858276965025425e+02
-6.286858276965025425e+02
-6.286858276965025425e+02
-6.286858276965025425e+02
-6.286858276965025425e+02
-6.286858276965025425e+02
-6.169893524246688230e+02
-6.169893524246688230e+02
-6.169893524246688230e+02
-7.333391043995499103e+02
-5.758835954925822307e+02
-5.758835954925822307e+02
-6.461890739110186814e+02
-8.793710411919864782e+02
-7.496205296651170329e+02
-7.496205296651170329e+02
-7.496205296651170329e+02
-1.343671214245794317e+03
-1.343671214245794317e+03
-1.343671214245794317e+03
-1.495760949832173992e+03
-1.495760949832173992e+03
-1.495760949832173992e+03
-1.495760949832173992e+03
-1.495760949832173992e+03
-1.066316327253769259e+03
-9.888214204985829383e+02
-9.888214204985829383e+02
-1.189916250644444972e+03
-1.189916250644444972e+03
-1.189916250644444972e+03
-1.189916250644444972e+03
-1.189916250644444972e+03
-7.821702216600824613e+02
-7.821702216600824613e+02
-7.821702216600824613e+02
-4.834245915286069248e+02
-4.834245915286069248e+02
-4.834245915286069248e+02
-1.577911521998820263e+03
-7.932634408634519332e+02
-7.932634408634519332e+02
-4.307874635966113033e+02
-4.307874635966113033e+02
-4.307874635966113033e+02
-4.307874635966113033e+02
-7.347406936012019969e+02
-7.347406936012019969e+02
-3.801780621421869455e+02
-3.801780621421869455e+02
-3.801780621421869455e+02
-3.801780621421869455e+02
-3.801780621421869455e+02
-3.801780621421869455e+02
-3.801780621421869455e+02
-3.801780621421869455e+02
-3.801780621421869455e+02
-3.801780621421869455e+02
-3.720398946009599399e+02
-6.854975541907142542e+02
-8.251997868431215011e+02
-8.251997868431215011e+02
-8.251997868431215011e+02
-8.251997868431215011e+02
-8.251997868431215011e+02
-8.251997868431215011e+02
-8.251997868431215011e+02
-9.064172663543074577e+02
-9.577164526521208927e+02
-9.577164526521208927e+02
-9.577164526521208927e+02
-9.577164526521208927e+02
-9.577164526521208927e+02
-1.572036595367801056e+03
-1.572036595367801056e+03
-1.572036595367801056e+03
-1.572036595367801056e+03
-1.572036595367801056e+03
-3.037366603691880300e+03
-3.037366603691880300e+03
-8.432255188503822865e+02
-8.432255188503822865e+02
-8.432255188503822865e+02
-4.378520850008439993e+02
-3.703196793658617025e+02
-3.264107078527507042e+02
-3.264107078527507042e+02
-3.264107078527507042e+02
-3.264107078527507042e+02
-3.264107078527507042e+02
-3.264107078527507042e+02
-3.264107078527507042e+02
-3.264107078527507042e+02
-3.264107078527507042e+02
-3.264107078527507042e+02
-3.264107078527507042e+02
-3.264107078527507042e+02
-3.264107078527507042e+02
-3.264107078527507042e+02
-3.264107078527507042e+02
-3.264107078527507042e+02
-3.264107078527507042e+02
-3.264107078527507042e+02
-3.264107078527507042e+02
-3.264107078527507042e+02
-3.264107078527507042e+02
-3.264107078527507042e+02
-3.264107078527507042e+02
-6.081613720258511648e+02
-5.715882903704207365e+02
-5.715882903704207365e+02
-5.715882903704207365e+02
-5.715882903704207365e+02
-5.715882903704207365e+02
-5.715882903704207365e+02
-5.685840620141619866e+02
-3.911286506949816157e+02
-4.792018162950606097e+02
-4.792018162950606097e+02
-4.792018162950606097e+02
-4.792018162950606097e+02
-3.439692512258708916e+02
-3.439692512258708916e+02
-3.439692512258708916e+02
-3.439692512258708916e+02
-3.439692512258708916e+02
-3.439692512258708916e+02
-3.439692512258708916e+02
-3.439692512258708916e+02
-3.439692512258708916e+02
-3.439692512258708916e+02
-3.439692512258708916e+02
-3.439692512258708916e+02
-4.177959015774608247e+02
-4.177959015774608247e+02
-4.177959015774608247e+02
-4.177959015774608247e+02
-4.177959015774608247e+02
-4.177959015774608247e+02
-4.177959015774608247e+02
-4.177959015774608247e+02
-1.220445723044714669e+03
-1.014160545798558474e+03
-1.050845906548252742e+03
-9.727948316623429719e+02
-9.727948316623429719e+02
